# Time-averaged data for fix stress_ave
# TimeStep v_strain_z v_strain_x v_strain_y v_stress_z
6000 2.75e-05 -0.00695374 0.00663147 85.5614
7000 7.75e-05 -0.0132938 0.0103091 66.1331
8000 0.0001275 -0.0104163 0.00477723 126.721
9000 0.0001775 -0.00966975 0.00541666 63.8396
10000 0.0002275 -0.0133294 0.0107479 85.7514
11000 0.0002775 -0.0112486 0.0082252 82.113
12000 0.0003275 -0.0118007 0.00977089 37.5105
13000 0.0003775 -0.0151741 0.0109759 81.9662
14000 0.0004275 -0.015337 0.00941302 119.339
15000 0.0004775 -0.0110455 0.00662911 95.2092
16000 0.0005275 -0.0112699 0.00795795 128.12
17000 0.0005775 -0.0157317 0.00994282 105.187
18000 0.0006275 -0.0118405 0.00540549 81.5591
19000 0.0006775 -0.0140324 0.00777194 74.8043
20000 0.0007275 -0.0144672 0.00739895 73.0102
21000 0.0007775 -0.0125883 0.008443 116.162
22000 0.0008275 -0.00952871 0.00734928 97.6027
23000 0.0008775 -0.0106264 0.00757271 90.2593
24000 0.0009275 -0.0149204 0.0114971 91.214
25000 0.0009775 -0.00852597 0.00774858 105.071
26000 0.0010275 -0.0104966 0.007246 135.104
27000 0.0010775 -0.0123929 0.00849034 82.4675
28000 0.0011275 -0.0105878 0.00710776 82.5365
29000 0.0011775 -0.00884996 0.0052693 92.5193
30000 0.0012275 -0.0141605 0.0112359 113.962
31000 0.0012775 -0.0144025 0.0123356 87.0146
32000 0.0013275 -0.0123849 0.00899513 47.1541
33000 0.0013775 -0.0142073 0.00720961 64.9096
34000 0.0014275 -0.0133126 0.0106166 104.35
35000 0.0014775 -0.012772 0.0115786 98.9477
36000 0.0015275 -0.00797461 0.00326571 91.373
37000 0.0015775 -0.00841991 0.00691156 47.8159
38000 0.0016275 -0.00935862 0.00657463 106.297
39000 0.0016775 -0.0162756 0.0124914 102.877
40000 0.0017275 -0.0170603 0.010907 110.375
41000 0.0017775 -0.0125205 0.00875571 50.3107
42000 0.0018275 -0.0114278 0.00907145 111.524
43000 0.0018775 -0.010642 0.0053477 74.6839
44000 0.0019275 -0.0141837 0.0112732 103.15
45000 0.0019775 -0.0183362 0.0112834 76.4459
46000 0.0020275 -0.0115062 0.00272806 82.4869
47000 0.0020775 -0.0116487 0.00713844 90.3116
48000 0.0021275 -0.0166165 0.0127873 115.973
49000 0.0021775 -0.0173004 0.0116134 78.5076
50000 0.0022275 -0.0104919 0.0052879 126.653
51000 0.0022775 -0.00714615 0.00147665 87.2198
52000 0.0023275 -0.0134454 0.00894196 140.855
53000 0.0023775 -0.0148079 0.0100899 53.3014
54000 0.0024275 -0.0115978 0.00746763 95.5375
55000 0.0024775 -0.0102757 0.00241571 63.1314
56000 0.0025275 -0.00955272 0.00555066 52.3532
57000 0.0025775 -0.00946037 0.00404538 98.6328
58000 0.0026275 -0.00895198 0.00681591 122.781
59000 0.0026775 -0.00861992 0.00491207 67.3947
60000 0.0027275 -0.0114043 0.0050633 86.7619
61000 0.0027775 -0.0105052 0.0032257 105.576
62000 0.0028275 -0.0140333 0.00958814 119.002
63000 0.0028775 -0.00903915 0.00428815 118.834
64000 0.0029275 -0.0117732 0.00596328 68.5245
65000 0.0029775 -0.0117339 0.00744578 72.0516
66000 0.0030275 -0.0172887 0.012054 85.341
67000 0.0030775 -0.0139001 0.0086416 84.8159
68000 0.0031275 -0.00980118 0.00595272 94.8775
69000 0.0031775 -0.0144689 0.00988904 113.114
70000 0.0032275 -0.0110311 0.00649273 47.7849
71000 0.0032775 -0.0141965 0.00943754 158.113
72000 0.0033275 -0.0144466 0.0108471 69.4403
73000 0.0033775 -0.0122523 0.00629882 109.449
74000 0.0034275 -0.0095831 0.00346221 72.418
75000 0.0034775 -0.00881405 0.00627636 114.933
76000 0.0035275 -0.0121374 0.00825602 101.736
77000 0.0035775 -0.0123781 0.0101907 86.9242
78000 0.0036275 -0.00892231 0.00773204 103.344
79000 0.0036775 -0.01131 0.0074314 101.608
80000 0.0037275 -0.0102608 0.00483488 85.4443
81000 0.0037775 -0.00973001 0.0063533 79.5682
82000 0.0038275 -0.0111006 0.00590653 108.081
83000 0.0038775 -0.0130801 0.00683767 46.9063
84000 0.0039275 -0.0114401 0.00657814 112.621
85000 0.0039775 -0.0105948 0.00343365 109.83
86000 0.0040275 -0.0107565 0.00217366 90.8044
87000 0.0040775 -0.0117115 0.00600247 82.9822
88000 0.0041275 -0.010509 0.00298923 99.3349
89000 0.0041775 -0.0128782 0.00489632 114.642
90000 0.0042275 -0.00952579 0.00302392 64.4851
91000 0.0042775 -0.0113807 0.00319879 83.7139
92000 0.0043275 -0.00715773 0.00314663 80.7198
93000 0.0043775 -0.00991853 -0.000440667 81.5739
94000 0.0044275 -0.00642128 -0.000755945 80.2621
95000 0.0044775 -0.0101013 0.00111474 78.612
96000 0.0045275 -0.0119474 0.00577366 152.876
97000 0.0045775 -0.0082702 0.000549097 56.6382
98000 0.0046275 -0.0100471 0.00453718 132.198
99000 0.0046775 -0.0120203 0.00398364 45.4145
100000 0.0047275 -0.00496261 -0.00273003 106.545
101000 0.0047775 -0.0074131 -0.00374608 89.0855
102000 0.0048275 -0.0100234 0.00156263 85.7543
103000 0.0048775 -0.0083501 0.00194555 74.0589
104000 0.0049275 -0.0133201 0.00519869 92.5826
105000 0.0049775 -0.0107082 0.00378998 65.4051
106000 0.0050275 -0.0106609 0.003223 106.262
107000 0.0050775 -0.0106759 0.00201909 67.8485
108000 0.0051275 -0.00670406 -0.00283683 57.7798
109000 0.0051775 -0.00983498 0.00413038 109.03
110000 0.0052275 -0.0141167 0.00576373 125.652
111000 0.0052775 -0.0135368 0.00602214 80.9108
112000 0.0053275 -0.0138756 0.00373734 60.7548
113000 0.0053775 -0.0126005 0.0069172 83.1105
114000 0.0054275 -0.0122512 0.00227597 79.5414
115000 0.0054775 -0.00809497 -0.00172022 43.1904
116000 0.0055275 -0.00790899 0.000343503 98.9023
117000 0.0055775 -0.0139523 0.00765684 54.6274
118000 0.0056275 -0.0126755 0.0055637 66.3676
119000 0.0056775 -0.0114402 0.00286232 68.9396
120000 0.0057275 -0.0106848 0.000772747 111.123
121000 0.0057775 -0.00898854 -0.000852304 95.9546
122000 0.0058275 -0.0137608 0.00420916 89.5301
123000 0.0058775 -0.0109335 0.0019078 97.432
124000 0.0059275 -0.00833977 0.00142568 88.1078
125000 0.0059775 -0.00961407 0.000140013 108.781
126000 0.0060275 -0.0131206 0.00395359 97.5126
127000 0.0060775 -0.00882514 0.000316766 87.8003
128000 0.0061275 -0.0115128 0.00264949 105.854
129000 0.0061775 -0.0135961 0.00610061 52.2266
130000 0.0062275 -0.0118204 0.00595586 108.428
131000 0.0062775 -0.0116532 0.00145551 65.911
132000 0.0063275 -0.00876026 -0.000222954 98.03
133000 0.0063775 -0.00960425 0.000931084 108.98
134000 0.0064275 -0.00931882 0.00280559 89.3764
135000 0.0064775 -0.0106102 0.00264692 93.012
136000 0.0065275 -0.00803199 -0.00162943 64.5447
137000 0.0065775 -0.00851491 -0.000466253 114.688
138000 0.0066275 -0.00854019 -0.000317448 54.6276
139000 0.0066775 -0.00926618 0.00177992 139.1
140000 0.0067275 -0.0082907 0.00163491 82.9721
141000 0.0067775 -0.0107944 0.00604976 106.124
142000 0.0068275 -0.0123966 0.00236905 100.289
143000 0.0068775 -0.00788914 -0.000915874 90.4382
144000 0.0069275 -0.012577 0.0027332 109.472
145000 0.0069775 -0.0134958 0.00714627 102.937
146000 0.0070275 -0.00574844 -0.00327202 124.419
147000 0.0070775 -0.00910408 0.000574829 70.6429
148000 0.0071275 -0.0144087 0.00555954 108.459
149000 0.0071775 -0.0115762 0.00248703 120.158
150000 0.0072275 -0.0119841 0.00330216 121.646
151000 0.0072775 -0.0132138 0.00492071 55.5215
152000 0.0073275 -0.0117695 0.000576883 112.303
153000 0.0073775 -0.0108628 0.000123294 64.6637
154000 0.0074275 -0.0108557 0.00219738 70.9697
155000 0.0074775 -0.0107771 0.00294784 109.199
156000 0.0075275 -0.00689258 -0.000147505 106.912
157000 0.0075775 -0.00896883 0.000918928 130.181
158000 0.0076275 -0.0123058 0.00375634 71.078
159000 0.0076775 -0.0105699 0.000872977 139.602
160000 0.0077275 -0.00955705 -0.0010971 86.6195
161000 0.0077775 -0.00454433 -0.00383562 113.451
162000 0.0078275 -0.0114415 0.00547737 74.5103
163000 0.0078775 -0.0139815 0.00542552 110.173
164000 0.0079275 -0.0146623 0.00574674 104.696
165000 0.0079775 -0.011894 0.00301006 87.3626
166000 0.0080275 -0.00654016 -0.00233912 70.6487
167000 0.0080775 -0.0142597 0.00474394 100.181
168000 0.0081275 -0.0161426 0.00760304 73.5702
169000 0.0081775 -0.0124725 0.00247843 110.331
170000 0.0082275 -0.00898365 -0.00171598 95.85
171000 0.0082775 -0.0115746 0.00267673 73.7008
172000 0.0083275 -0.0138545 0.00621935 96.1871
173000 0.0083775 -0.0105442 -0.000728458 88.4131
174000 0.0084275 -0.00743236 -0.00282356 104.538
175000 0.0084775 -0.0124189 0.00544232 105.482
176000 0.0085275 -0.0122112 0.0026439 109.006
177000 0.0085775 -0.0125387 0.00257537 100.841
178000 0.0086275 -0.0123358 0.00536166 106.27
179000 0.0086775 -0.0108062 0.00212729 135.578
180000 0.0087275 -0.0127423 0.0031638 85.7853
181000 0.0087775 -0.0173814 0.00565543 74.353
182000 0.0088275 -0.011459 0.00271419 136.015
183000 0.0088775 -0.0107427 0.00418635 135.285
184000 0.0089275 -0.0135407 0.00375942 89.7496
185000 0.0089775 -0.0138617 0.00261545 83.5673
186000 0.0090275 -0.0149442 0.00347101 118.87
187000 0.0090775 -0.0111197 0.000156643 146.859
188000 0.0091275 -0.0125302 0.00218045 74.1037
189000 0.0091775 -0.01461 0.00181327 118.227
190000 0.0092275 -0.0128757 0.00277438 74.2597
191000 0.0092775 -0.0129925 0.000539088 123.436
192000 0.0093275 -0.0149373 0.00320208 85.786
193000 0.0093775 -0.0154345 0.00377565 79.183
194000 0.0094275 -0.0144828 0.00402753 135.818
195000 0.0094775 -0.0177676 0.00601583 74.1093
196000 0.0095275 -0.0106385 0.00138861 96.3115
197000 0.0095775 -0.00967195 0.00145743 130.859
198000 0.0096275 -0.0169737 0.00795155 101.495
199000 0.0096775 -0.0118488 -0.000367941 94.5044
200000 0.0097275 -0.012468 0.00150256 107.751
201000 0.0097775 -0.0117839 -7.94785e-05 136.607
202000 0.0098275 -0.0146134 0.00357086 94.2349
203000 0.0098775 -0.0107895 0.00418993 116.459
204000 0.0099275 -0.00947269 -0.00374714 129.094
205000 0.0099775 -0.0110823 0.000449325 96.0942
206000 0.0100275 -0.0158028 0.00308752 140.62
207000 0.0100775 -0.0133255 0.00327408 119.118
208000 0.0101275 -0.0142844 0.00262234 112.369
209000 0.0101775 -0.0108721 3.22863e-05 97.5156
210000 0.0102275 -0.0172801 0.00408911 135.188
211000 0.0102775 -0.0126304 0.00103871 98.831
212000 0.0103275 -0.0117589 0.00303079 86.7404
213000 0.0103775 -0.0135626 0.00245806 102.962
214000 0.0104275 -0.00992773 -0.00109189 128.997
215000 0.0104775 -0.00656371 -0.00417104 110.543
216000 0.0105275 -0.0139633 0.0041145 106.838
217000 0.0105775 -0.0142113 0.00332633 111.626
218000 0.0106275 -0.00904315 -0.00217499 97.5168
219000 0.0106775 -0.0149287 0.00223112 113.878
220000 0.0107275 -0.0139125 0.00304079 86.0625
221000 0.0107775 -0.0170856 0.00768818 152.981
222000 0.0108275 -0.0180319 0.0080542 106.228
223000 0.0108775 -0.0123856 0.00189581 139.864
224000 0.0109275 -0.0113384 -0.00225915 58.2517
225000 0.0109775 -0.00782459 -0.00358758 159.15
226000 0.0110275 -0.0116808 0.00188721 129.845
227000 0.0110775 -0.0123732 -0.00123461 71.7047
228000 0.0111275 -0.0123295 0.00399514 111.58
229000 0.0111775 -0.0124362 0.00123165 68.8791
230000 0.0112275 -0.0081141 -0.00178711 136.221
231000 0.0112775 -0.0111066 0.000400605 117.756
232000 0.0113275 -0.016486 0.00519551 107.206
233000 0.0113775 -0.0130379 0.000331609 88.5779
234000 0.0114275 -0.0110321 -0.000295964 60.1764
235000 0.0114775 -0.011155 0.00481868 98.1991
236000 0.0115275 -0.0130928 0.00144255 135.945
237000 0.0115775 -0.014085 0.00269031 115.965
238000 0.0116275 -0.0144809 0.00469859 89.4737
239000 0.0116775 -0.0199342 0.00797066 129.313
240000 0.0117275 -0.0135736 -0.000301541 99.4233
241000 0.0117775 -0.0143775 0.000781437 101.768
242000 0.0118275 -0.0118674 0.00091356 107.819
243000 0.0118775 -0.00993816 -0.00131378 61.8855
244000 0.0119275 -0.0156671 0.00431189 133.526
245000 0.0119775 -0.0127533 0.00359821 121.916
246000 0.0120275 -0.0134437 0.000396412 145.121
247000 0.0120775 -0.0132749 0.00124764 127.212
248000 0.0121275 -0.0121585 -0.000835426 91.7242
249000 0.0121775 -0.0161638 0.00156466 130.445
250000 0.0122275 -0.0130683 0.00204833 107.926
251000 0.0122775 -0.0107806 0.00053482 91.9315
252000 0.0123275 -0.0125073 -0.00189969 146.652
253000 0.0123775 -0.0110108 -0.00088165 122.253
254000 0.0124275 -0.0104068 -0.00198386 81.0345
255000 0.0124775 -0.0174468 0.00392539 139.849
256000 0.0125275 -0.0141842 0.00202622 109.701
257000 0.0125775 -0.0130543 -0.000547093 118.013
258000 0.0126275 -0.00788046 -0.00426112 85.4922
259000 0.0126775 -0.0124827 -0.00205785 153.534
260000 0.0127275 -0.014811 -0.000865551 49.3745
261000 0.0127775 -0.0141608 0.00047031 109.48
262000 0.0128275 -0.0149549 0.000972103 100.654
263000 0.0128775 -0.0128734 -0.000364299 104.578
264000 0.0129275 -0.013754 5.91855e-05 117.035
265000 0.0129775 -0.0171143 0.00339952 136.537
266000 0.0130275 -0.0126664 -0.00172325 154.261
267000 0.0130775 -0.00760265 -0.00720501 84.8587
268000 0.0131275 -0.0161818 0.000337733 105.265
269000 0.0131775 -0.0144303 -8.17723e-05 125.567
270000 0.0132275 -0.0140974 0.0010896 118.651
271000 0.0132775 -0.0157971 0.0036586 98.2785
272000 0.0133275 -0.013941 0.000657181 118.08
273000 0.0133775 -0.0131846 -0.00217579 114.101
274000 0.0134275 -0.0156023 0.00304392 123.477
275000 0.0134775 -0.0134789 -0.002901 118.335
276000 0.0135275 -0.016722 0.00342471 89.3182
277000 0.0135775 -0.0151891 0.000325258 124.543
278000 0.0136275 -0.0133075 -0.000619365 113.244
279000 0.0136775 -0.0165116 0.00404315 132.08
280000 0.0137275 -0.0138324 -0.000968446 108.436
281000 0.0137775 -0.0110861 -0.0043547 133.883
282000 0.0138275 -0.0140865 0.00239099 112.222
283000 0.0138775 -0.0165129 0.000188205 106.733
284000 0.0139275 -0.0129916 0.00157971 125.934
285000 0.0139775 -0.0156652 0.00193629 128.199
286000 0.0140275 -0.0122508 -0.00244923 97.9844
287000 0.0140775 -0.0144305 -0.0022905 99.1613
288000 0.0141275 -0.0138075 -0.000811986 158.716
289000 0.0141775 -0.0136603 -0.00162965 114.07
290000 0.0142275 -0.0177672 0.00449227 127.228
291000 0.0142775 -0.0123286 -0.00233657 83.0154
292000 0.0143275 -0.0137865 -0.00196522 148.895
293000 0.0143775 -0.013041 -0.00536238 136.005
294000 0.0144275 -0.011879 -0.00013376 112.92
295000 0.0144775 -0.0158316 -0.00162446 116.104
296000 0.0145275 -0.0137177 -0.00161937 125.701
297000 0.0145775 -0.0122153 -0.00328933 142.27
298000 0.0146275 -0.0135581 -0.000551553 124.198
299000 0.0146775 -0.0132352 -0.0029494 120.649
300000 0.0147275 -0.0120195 -0.00313942 124.004
301000 0.0147775 -0.0134029 0.000493651 153.705
302000 0.0148275 -0.0171927 0.00544547 96.049
303000 0.0148775 -0.0160337 0.00098913 120.853
304000 0.0149275 -0.0187683 0.00480309 109.13
305000 0.0149775 -0.013167 -0.00248213 114.516
306000 0.0150275 -0.0128074 -0.00486091 123.495
307000 0.0150775 -0.0126722 -0.000160946 118.205
308000 0.0151275 -0.018523 0.00397783 159.448
309000 0.0151775 -0.0145415 -0.000126598 134.963
310000 0.0152275 -0.0130469 -0.000746777 132.394
311000 0.0152775 -0.0175584 0.00270281 159.245
312000 0.0153275 -0.0149715 0.00150426 127.492
313000 0.0153775 -0.0172983 0.000753771 141.706
314000 0.0154275 -0.0169785 0.00602402 100.482
315000 0.0154775 -0.0160194 0.00417432 157.312
316000 0.0155275 -0.0163951 0.00384952 127.047
317000 0.0155775 -0.0135027 0.00062805 111.64
318000 0.0156275 -0.016269 0.00477245 163.689
319000 0.0156775 -0.0157905 0.00345996 133.036
320000 0.0157275 -0.0132268 -0.00157205 118.455
321000 0.0157775 -0.0162073 0.00420947 137.599
322000 0.0158275 -0.0167715 0.00388216 126.685
323000 0.0158775 -0.0133312 -0.00308313 133.347
324000 0.0159275 -0.0157738 0.000526743 120.51
325000 0.0159775 -0.0128331 -0.00157076 107.846
326000 0.0160275 -0.0167736 0.000539433 129.947
327000 0.0160775 -0.0156706 0.00327925 115.725
328000 0.0161275 -0.0169348 0.00306474 113.792
329000 0.0161775 -0.0189952 0.0042252 145.297
330000 0.0162275 -0.013133 0.00124188 164.475
331000 0.0162775 -0.0159202 0.0018262 130.341
332000 0.0163275 -0.0164851 0.00259545 58.2243
333000 0.0163775 -0.0145038 0.00140814 129.454
334000 0.0164275 -0.0171246 0.0021319 131.772
335000 0.0164775 -0.0163624 0.0024575 143.305
336000 0.0165275 -0.0179765 0.00208937 114.94
337000 0.0165775 -0.0166998 -5.53541e-05 141.449
338000 0.0166275 -0.0160568 0.00296136 114.266
339000 0.0166775 -0.0163712 -0.00193894 125.75
340000 0.0167275 -0.020881 0.00323285 78.5186
341000 0.0167775 -0.0173128 0.000185981 133.701
342000 0.0168275 -0.0121544 -0.00573372 134.816
343000 0.0168775 -0.0120834 -0.00326489 140.378
344000 0.0169275 -0.0183774 0.00203156 115.672
345000 0.0169775 -0.0168756 -0.00022252 105.172
346000 0.0170275 -0.0169474 -0.00126936 137.047
347000 0.0170775 -0.0162126 -0.00140257 123.354
348000 0.0171275 -0.0187541 0.00162631 129.989
349000 0.0171775 -0.0137813 -0.00255212 104.763
350000 0.0172275 -0.0154746 -0.00319579 137.271
351000 0.0172775 -0.017278 0.00082242 126.305
352000 0.0173275 -0.0125686 -0.00445687 172.607
353000 0.0173775 -0.0177361 -0.000224944 81.4871
354000 0.0174275 -0.0170721 6.9351e-05 162.437
355000 0.0174775 -0.0144798 -0.0037317 139.265
356000 0.0175275 -0.0155529 -0.00232422 119.242
357000 0.0175775 -0.0187993 0.00149068 197.794
358000 0.0176275 -0.0187358 0.00207126 134.549
359000 0.0176775 -0.0185232 0.000983887 129.215
360000 0.0177275 -0.0126627 -0.00324605 133.359
361000 0.0177775 -0.0178104 -0.00143703 104.109
362000 0.0178275 -0.0149949 -0.0016122 140.473
363000 0.0178775 -0.0172441 -0.00173188 103.037
364000 0.0179275 -0.014534 -0.00160357 81.1764
365000 0.0179775 -0.0173335 -0.00216903 150.524
366000 0.0180275 -0.0150997 -0.00803136 110.059
367000 0.0180775 -0.0146877 -0.00252418 150.274
368000 0.0181275 -0.0170284 -0.00273315 130.505
369000 0.0181775 -0.0215474 -1.73974e-05 148.16
370000 0.0182275 -0.018636 0.000773376 127.834
371000 0.0182775 -0.0147215 -0.00049799 113.585
372000 0.0183275 -0.0160121 -0.00142251 136.262
373000 0.0183775 -0.0169882 -0.00320558 152.657
374000 0.0184275 -0.0125726 -0.00725011 109.124
375000 0.0184775 -0.0192362 -6.96227e-05 91.4282
376000 0.0185275 -0.016199 -0.00206464 110.792
377000 0.0185775 -0.0159102 -0.000466773 153.586
378000 0.0186275 -0.0163413 -0.00355872 133.826
379000 0.0186775 -0.0131423 -0.00484882 95.9706
380000 0.0187275 -0.0177454 -0.000789039 133.181
381000 0.0187775 -0.0128495 -0.00494392 131.446
382000 0.0188275 -0.0151819 -0.00359132 126.918
383000 0.0188775 -0.020711 0.00359275 129.559
384000 0.0189275 -0.0182436 0.00318359 125.623
385000 0.0189775 -0.0157079 -0.00192435 100.196
386000 0.0190275 -0.0166668 -0.00172986 134.89
387000 0.0190775 -0.0158671 -0.00160621 124.636
388000 0.0191275 -0.0188395 -0.000884764 116.223
389000 0.0191775 -0.0149688 -0.00639865 83.5457
390000 0.0192275 -0.0166203 -0.00216213 91.5561
391000 0.0192775 -0.0198961 -9.46793e-05 158.326
392000 0.0193275 -0.0167269 -0.00275484 180.169
393000 0.0193775 -0.0198465 0.00031823 111.338
394000 0.0194275 -0.0166227 0.000495679 136.742
395000 0.0194775 -0.016631 -0.00144364 153.075
396000 0.0195275 -0.0174517 -0.00103011 148.746
397000 0.0195775 -0.0204376 0.000150928 133.84
398000 0.0196275 -0.0205611 0.00319729 140.925
399000 0.0196775 -0.0176417 1.50524e-06 131.608
400000 0.0197275 -0.0173084 -0.00200389 135.564
401000 0.0197775 -0.0220709 0.00406515 153.286
402000 0.0198275 -0.0170787 -0.00171319 90.6804
403000 0.0198775 -0.012517 -0.00558802 122.471
404000 0.0199275 -0.0187352 -0.00107338 117.868
405000 0.0199775 -0.0209599 0.00165486 106.1
406000 0.0200275 -0.0190635 4.22951e-05 100.063
407000 0.0200775 -0.0147384 -0.00749852 109.503
408000 0.0201275 -0.0159429 -0.00660004 137.695
409000 0.0201775 -0.0152975 -0.00390127 156.861
410000 0.0202275 -0.0149669 -0.00707948 156.364
411000 0.0202775 -0.0159833 -0.00528974 106.489
412000 0.0203275 -0.0182905 -0.0026541 141.37
413000 0.0203775 -0.0172049 -0.00394699 112.348
414000 0.0204275 -0.0188425 -0.00240841 133.395
415000 0.0204775 -0.0216008 -0.000725139 149.36
416000 0.0205275 -0.0188784 -0.00123898 111.535
417000 0.0205775 -0.0186964 -0.000336037 147.464
418000 0.0206275 -0.0182583 -0.00583105 116.492
419000 0.0206775 -0.0115318 -0.00858756 163.794
420000 0.0207275 -0.0134141 -0.0105113 104.789
421000 0.0207775 -0.0136207 -0.0084807 144.296
422000 0.0208275 -0.0190568 -0.00549639 144.535
423000 0.0208775 -0.0180511 -0.00525763 151.729
424000 0.0209275 -0.0204386 -0.00311931 148.708
425000 0.0209775 -0.0210802 -0.000614181 88.5277
426000 0.0210275 -0.0193071 -0.00321591 150.96
427000 0.0210775 -0.018049 -0.00463103 145.548
428000 0.0211275 -0.0166436 -0.00551466 117.455
429000 0.0211775 -0.0183304 -0.00362875 149.471
430000 0.0212275 -0.0188622 -0.00153894 128.365
431000 0.0212775 -0.0130638 -0.00781349 137.801
432000 0.0213275 -0.0217931 7.74557e-05 126.717
433000 0.0213775 -0.0242159 0.00268771 145.78
434000 0.0214275 -0.0182211 -0.00160535 121.216
435000 0.0214775 -0.0226732 0.000501932 162.614
436000 0.0215275 -0.01843 -0.00296424 178.305
437000 0.0215775 -0.0170658 -0.00201023 158.756
438000 0.0216275 -0.0232025 0.00226014 98.2945
439000 0.0216775 -0.0203236 -0.00275863 123.794
440000 0.0217275 -0.0123365 -0.00779217 133.683
441000 0.0217775 -0.0194372 -0.00509273 167.848
442000 0.0218275 -0.0200873 -0.00131844 119.712
443000 0.0218775 -0.0182448 -0.00327094 200.224
444000 0.0219275 -0.020439 -0.00188132 163.341
445000 0.0219775 -0.0141429 -0.00625386 134.559
446000 0.0220275 -0.0144579 -0.0043766 135.029
447000 0.0220775 -0.0206391 -0.00185321 126.733
448000 0.0221275 -0.018224 -0.000519007 125.99
449000 0.0221775 -0.0198019 -0.00322456 156.132
450000 0.0222275 -0.0190621 -0.00466094 162.866
451000 0.0222775 -0.0180169 -0.00602359 103.153
452000 0.0223275 -0.0190003 -0.00495263 121.253
453000 0.0223775 -0.0162505 -0.00400057 141.349
454000 0.0224275 -0.0168076 -0.00544247 139.03
455000 0.0224775 -0.0195984 -0.00393747 154.286
456000 0.0225275 -0.0161587 -0.00395992 142.244
457000 0.0225775 -0.0169538 -0.00310509 154.033
458000 0.0226275 -0.0183879 -0.000420421 143.31
459000 0.0226775 -0.0181463 -0.00309276 142.211
460000 0.0227275 -0.0180055 -0.00386368 148.072
461000 0.0227775 -0.0172714 -0.00679314 176.359
462000 0.0228275 -0.0242225 -0.000815554 114.665
463000 0.0228775 -0.0202764 0.000317269 168.695
464000 0.0229275 -0.022729 -0.00106053 133.68
465000 0.0229775 -0.0198366 -0.00254935 175.283
466000 0.0230275 -0.0157132 -0.00508158 131.928
467000 0.0230775 -0.0184554 -0.00544671 129.958
468000 0.0231275 -0.0225224 -0.00167079 71.442
469000 0.0231775 -0.0236147 0.00152205 187.105
470000 0.0232275 -0.0242842 0.00188914 159.242
471000 0.0232775 -0.024255 0.00135728 131.464
472000 0.0233275 -0.0210475 0.000530831 122.48
473000 0.0233775 -0.0198123 -0.0022727 148.135
474000 0.0234275 -0.0193632 -0.0037235 117.211
475000 0.0234775 -0.0201765 -0.000659988 123.528
476000 0.0235275 -0.0192811 -0.00416016 154.503
477000 0.0235775 -0.0210061 0.00184873 116.473
478000 0.0236275 -0.0212609 -0.00116357 100.419
479000 0.0236775 -0.0189248 -0.00238442 170.756
480000 0.0237275 -0.0258819 0.00403224 109.234
481000 0.0237775 -0.0217289 0.002128 110.441
482000 0.0238275 -0.0202561 -0.00150377 107.474
483000 0.0238775 -0.0213796 -0.000590921 145.48
484000 0.0239275 -0.0220639 0.000556929 117.087
485000 0.0239775 -0.0213643 -0.00130234 110.703
486000 0.0240275 -0.0200423 -0.00222951 180.615
487000 0.0240775 -0.020623 0.000899292 132.281
488000 0.0241275 -0.0222701 0.0044862 139.91
489000 0.0241775 -0.0201489 0.000112382 145.855
490000 0.0242275 -0.0194173 0.0016995 151.028
491000 0.0242775 -0.0200549 -0.00252065 150.277
492000 0.0243275 -0.0213469 0.00305607 182.713
493000 0.0243775 -0.0218612 0.000706153 129.995
494000 0.0244275 -0.0188079 -0.00349923 151.647
495000 0.0244775 -0.0203769 -0.000914982 127.145
496000 0.0245275 -0.016627 -0.00626139 135.333
497000 0.0245775 -0.0196551 -0.00146595 154.222
498000 0.0246275 -0.0211476 -0.00267934 107.935
499000 0.0246775 -0.0235861 -0.00215207 93.9508
500000 0.0247275 -0.0233239 -0.00150013 94.1075
501000 0.0247775 -0.0177994 -0.0035252 123.089
502000 0.0248275 -0.0215428 -0.00420052 138.565
503000 0.0248775 -0.0230797 -0.00275584 107.362
504000 0.0249275 -0.0201395 -0.00193094 152.601
505000 0.0249775 -0.0198627 -0.00492115 125.831
506000 0.0250275 -0.0240758 -0.00226458 111.415
507000 0.0250775 -0.0250775 -0.002956 112.801
508000 0.0251275 -0.0225956 -0.00132533 149.27
509000 0.0251775 -0.022372 -0.00105962 159.431
510000 0.0252275 -0.0236673 -0.000803789 149.047
511000 0.0252775 -0.0217751 -0.00349283 135.335
512000 0.0253275 -0.0207188 -0.00601515 116.309
513000 0.0253775 -0.0247712 -0.000801399 156.714
514000 0.0254275 -0.021054 -0.00586832 145.082
515000 0.0254775 -0.0235606 -0.00120466 121.774
516000 0.0255275 -0.0179298 -0.00707613 150.073
517000 0.0255775 -0.020356 -0.00446637 152.45
518000 0.0256275 -0.0265238 0.00149102 118.544
519000 0.0256775 -0.0233186 -0.00129397 142.746
520000 0.0257275 -0.0196934 -0.00451227 123.858
521000 0.0257775 -0.0200605 -0.00134811 134.795
522000 0.0258275 -0.0212043 -0.00152049 108.361
523000 0.0258775 -0.0215191 0.000714149 148.789
524000 0.0259275 -0.0200521 -0.00421491 119.931
525000 0.0259775 -0.0192694 -0.00484903 113.148
526000 0.0260275 -0.0241228 5.60664e-06 157.34
527000 0.0260775 -0.0245254 0.00215044 132.039
528000 0.0261275 -0.0177205 -0.00538261 154.528
529000 0.0261775 -0.0202589 -0.00224802 122.03
530000 0.0262275 -0.027722 0.00533922 121.338
531000 0.0262775 -0.0244483 -0.00134661 145.764
532000 0.0263275 -0.0237993 0.00248309 123.809
533000 0.0263775 -0.0194613 -0.00397627 147.839
534000 0.0264275 -0.0199004 -0.00545643 149.004
535000 0.0264775 -0.022772 -0.00163766 192.747
536000 0.0265275 -0.0260213 0.000469732 153.381
537000 0.0265775 -0.019605 -0.00384782 120.532
538000 0.0266275 -0.0195667 -0.00575642 131.866
539000 0.0266775 -0.0188241 -0.00368769 157.065
540000 0.0267275 -0.0183732 -0.00522333 129.936
541000 0.0267775 -0.0207359 -0.00368748 145.947
542000 0.0268275 -0.0219819 0.000296997 154.253
543000 0.0268775 -0.0240073 0.000343958 174.913
544000 0.0269275 -0.0195681 -0.00465463 133.907
545000 0.0269775 -0.0195774 -0.00602375 125.979
546000 0.0270275 -0.0257947 0.00025623 117.276
547000 0.0270775 -0.021631 -0.0051962 169.957
548000 0.0271275 -0.024444 0.000496795 125.885
549000 0.0271775 -0.024163 0.000701121 169.918
550000 0.0272275 -0.0238244 -0.00082929 143.335
551000 0.0272775 -0.021895 -0.00218936 153.702
552000 0.0273275 -0.0232704 -0.00238105 157.359
553000 0.0273775 -0.0251062 2.64059e-05 180.309
554000 0.0274275 -0.0244685 -0.00292169 149.005
555000 0.0274775 -0.02195 -0.00182919 118.839
556000 0.0275275 -0.0198431 -0.00720901 191.446
557000 0.0275775 -0.0207906 -0.00430007 152.729
558000 0.0276275 -0.0258652 0.000199222 126.339
559000 0.0276775 -0.0238988 -0.000802135 146.09
560000 0.0277275 -0.02295 -0.000698115 164.489
561000 0.0277775 -0.0226247 -0.000619231 139.365
562000 0.0278275 -0.0199837 -0.000976066 112.952
563000 0.0278775 -0.021644 -0.00286037 161.018
564000 0.0279275 -0.0242323 0.00047662 161.615
565000 0.0279775 -0.024185 -0.00200249 128.471
566000 0.0280275 -0.0204194 -0.00716171 163.12
567000 0.0280775 -0.0197545 -0.00586265 145.814
568000 0.0281275 -0.0222733 -0.00121378 146.571
569000 0.0281775 -0.0239315 -0.00219781 153.234
570000 0.0282275 -0.0204629 -0.00682061 125.394
571000 0.0282775 -0.0138644 -0.00942414 131.563
572000 0.0283275 -0.0230096 -0.00236054 105.452
573000 0.0283775 -0.0211342 -0.00218556 146.862
574000 0.0284275 -0.0213924 -0.00395355 166.599
575000 0.0284775 -0.0204731 -0.00414 139.734
576000 0.0285275 -0.0217981 -0.00541291 127.234
577000 0.0285775 -0.0216209 -0.00599117 162.929
578000 0.0286275 -0.0250923 -0.00155643 180.461
579000 0.0286775 -0.0283397 0.000107606 124.264
580000 0.0287275 -0.0240524 -0.00412148 174.77
581000 0.0287775 -0.0254155 -0.00239228 184.789
582000 0.0288275 -0.0243959 -0.00372997 124.243
583000 0.0288775 -0.0237985 -0.0042688 190.157
584000 0.0289275 -0.0257375 -0.00326925 140.562
585000 0.0289775 -0.0281133 0.00232521 126.484
586000 0.0290275 -0.025675 -0.00203745 180.655
587000 0.0290775 -0.0252033 -0.00195016 156.904
588000 0.0291275 -0.0211048 -0.0011151 154.026
589000 0.0291775 -0.0230848 -0.00382131 148.428
590000 0.0292275 -0.0274185 0.000584496 126.327
591000 0.0292775 -0.0269279 0.000304029 120.564
592000 0.0293275 -0.0196312 -0.00735394 163.738
593000 0.0293775 -0.0196165 -0.00782889 155.332
594000 0.0294275 -0.0244286 -0.00232167 166.831
595000 0.0294775 -0.020338 -0.00361068 151.451
596000 0.0295275 -0.022674 -0.0045177 107.79
597000 0.0295775 -0.0220678 -0.00769259 130.573
598000 0.0296275 -0.0233635 -0.00342789 140.259
599000 0.0296775 -0.0242784 -0.00279751 139.949
600000 0.0297275 -0.0189338 -0.0058915 165.639
601000 0.0297775 -0.0229377 -0.00395874 167.116
602000 0.0298275 -0.0240031 -0.00237766 150.858
603000 0.0298775 -0.022823 -0.00373193 155.007
604000 0.0299275 -0.0238235 -0.000370932 159.032
605000 0.0299775 -0.0252434 -0.00110759 186.148
606000 0.0300275 -0.0231703 -0.00222994 167.747
607000 0.0300775 -0.0241194 -0.00462688 118.843
608000 0.0301275 -0.0229775 0.00178044 96.4921
609000 0.0301775 -0.0256983 -0.00106033 68.4184
610000 0.0302275 -0.0218216 -0.00461057 164.658
611000 0.0302775 -0.0223373 -0.00270694 143.27
612000 0.0303275 -0.0242192 -0.00128452 116.809
613000 0.0303775 -0.0271293 -0.00036711 154.406
614000 0.0304275 -0.0257813 -0.00235247 105.179
615000 0.0304775 -0.0235831 -0.00247232 100.031
616000 0.0305275 -0.0250973 -0.000483821 185.521
617000 0.0305775 -0.0196342 -0.00519029 179.653
618000 0.0306275 -0.0198741 -0.00380385 189.391
619000 0.0306775 -0.0240506 -0.00243299 141.228
620000 0.0307275 -0.0192105 -0.0105783 110.789
621000 0.0307775 -0.0186619 -0.00685955 95.7504
622000 0.0308275 -0.0241845 -0.00246333 164.429
623000 0.0308775 -0.022723 -0.0073985 149.345
624000 0.0309275 -0.0247722 -0.000154555 159.369
625000 0.0309775 -0.0252008 -0.000520787 162.323
626000 0.0310275 -0.022877 -0.00410157 181.183
627000 0.0310775 -0.0205803 -0.00546674 150.924
628000 0.0311275 -0.0217281 -0.00501393 121.418
629000 0.0311775 -0.0236583 -0.00407647 172.684
630000 0.0312275 -0.0246537 2.73276e-05 151.256
631000 0.0312775 -0.0246045 -9.49402e-05 157.721
632000 0.0313275 -0.0282523 0.00329612 163.184
633000 0.0313775 -0.0233951 -0.00470971 160.529
634000 0.0314275 -0.0246032 -0.00257736 150.255
635000 0.0314775 -0.0219558 -0.00810125 158.735
636000 0.0315275 -0.016249 -0.0138726 147.489
637000 0.0315775 -0.0239368 -0.00592241 154.727
638000 0.0316275 -0.0226678 -0.00641729 152.71
639000 0.0316775 -0.0234207 -0.00719515 137.604
640000 0.0317275 -0.0262053 -0.00533322 141.848
641000 0.0317775 -0.0247331 -0.00479491 141.477
642000 0.0318275 -0.0247711 -0.00875826 159.779
643000 0.0318775 -0.0218311 -0.00380806 184.984
644000 0.0319275 -0.0241963 -0.00380437 186.251
645000 0.0319775 -0.0223005 -0.00738632 158.195
646000 0.0320275 -0.0235401 -0.00571364 138.616
647000 0.0320775 -0.0127251 -0.0127624 151.005
648000 0.0321275 -0.0205431 -0.00674584 150.181
649000 0.0321775 -0.0185941 -0.00678868 126.495
650000 0.0322275 -0.0181119 -0.00921448 163.161
651000 0.0322775 -0.0235522 -0.00123848 173.322
652000 0.0323275 -0.02328 -0.00710665 174.268
653000 0.0323775 -0.0213752 -0.00875315 139.938
654000 0.0324275 -0.0271989 -0.00208551 161.346
655000 0.0324775 -0.0220674 -0.008118 112.856
656000 0.0325275 -0.02301 -0.00449163 148.44
657000 0.0325775 -0.0231965 -0.00736997 165.756
658000 0.0326275 -0.0273568 -0.000629123 126.451
659000 0.0326775 -0.0203568 -0.00972107 139.536
660000 0.0327275 -0.0201212 -0.0078618 161.587
661000 0.0327775 -0.025971 -0.0024554 157.856
662000 0.0328275 -0.0253139 -0.00382255 109.422
663000 0.0328775 -0.0244011 -0.00304097 158.819
664000 0.0329275 -0.0201481 -0.0057453 187.681
665000 0.0329775 -0.0210068 -0.00600089 136.544
666000 0.0330275 -0.0231335 -0.00823971 139.805
667000 0.0330775 -0.0228351 -0.00415029 159.009
668000 0.0331275 -0.0224105 -0.004967 161.698
669000 0.0331775 -0.0225558 -0.00734766 162.137
670000 0.0332275 -0.025032 -0.00407384 185.696
671000 0.0332775 -0.0204982 -0.00946613 174.871
672000 0.0333275 -0.0227641 -0.00653315 179.267
673000 0.0333775 -0.0236181 -0.0074733 169.322
674000 0.0334275 -0.0256422 -0.0024157 153.276
675000 0.0334775 -0.0239594 -0.00443121 162.744
676000 0.0335275 -0.0226583 -0.0073705 163.51
677000 0.0335775 -0.0199116 -0.00797613 170.327
678000 0.0336275 -0.022873 -0.00468822 182.308
679000 0.0336775 -0.0176266 -0.0117343 130.998
680000 0.0337275 -0.0210258 -0.00956402 161.316
681000 0.0337775 -0.0269993 -0.0051745 108.361
682000 0.0338275 -0.0264866 -0.00233674 148.92
683000 0.0338775 -0.0241146 -0.00693591 163.244
684000 0.0339275 -0.0231822 -0.00922331 128.394
685000 0.0339775 -0.0275387 -0.00159198 137.05
686000 0.0340275 -0.0239052 -0.00519024 177.082
687000 0.0340775 -0.0227985 -0.0084957 172.202
688000 0.0341275 -0.0275867 -0.00247492 178.176
689000 0.0341775 -0.0249777 -0.00722188 166.113
690000 0.0342275 -0.0266526 -0.00661669 183.951
691000 0.0342775 -0.022186 -0.00976043 165.577
692000 0.0343275 -0.0234574 -0.00811335 176.763
693000 0.0343775 -0.0263858 -0.00464781 175.179
694000 0.0344275 -0.0277887 -0.00417273 164.163
695000 0.0344775 -0.0259916 -0.00669866 154.871
696000 0.0345275 -0.0227561 -0.00940011 140.498
697000 0.0345775 -0.0239814 -0.00756328 148.133
698000 0.0346275 -0.0269896 -0.00659647 89.467
699000 0.0346775 -0.0231091 -0.00801997 185.386
700000 0.0347275 -0.0272394 -0.0017133 140.683
701000 0.0347775 -0.0233262 -0.00780551 151.274
702000 0.0348275 -0.0230926 -0.00819576 133.321
703000 0.0348775 -0.0230946 -0.00627114 196.455
704000 0.0349275 -0.0219455 -0.0072428 135.129
705000 0.0349775 -0.0298587 -0.00133957 181.346
706000 0.0350275 -0.0305837 -0.00180676 144.598
707000 0.0350775 -0.0264118 -0.00443908 152.251
708000 0.0351275 -0.026332 -0.00518085 149.242
709000 0.0351775 -0.0266068 -0.00388954 170.474
710000 0.0352275 -0.0281461 -0.00285282 134.174
711000 0.0352775 -0.026604 -0.00382779 117.346
712000 0.0353275 -0.0301668 0.000563081 146.587
713000 0.0353775 -0.025842 -0.00296469 159.399
714000 0.0354275 -0.0228929 -0.00711678 138.967
715000 0.0354775 -0.0237893 -0.00682352 93.0898
716000 0.0355275 -0.0268888 -0.00110734 145.057
717000 0.0355775 -0.0267806 -0.00353532 157.162
718000 0.0356275 -0.027209 -0.00514047 159.192
719000 0.0356775 -0.0268396 -0.00423807 157.42
720000 0.0357275 -0.0266999 -0.00352391 149.032
721000 0.0357775 -0.0241338 -0.00332489 199.992
722000 0.0358275 -0.0246671 -0.0059697 149.688
723000 0.0358775 -0.0261109 -0.00326567 187.08
724000 0.0359275 -0.023554 -0.00771422 158.206
725000 0.0359775 -0.026927 -0.0042107 108.439
726000 0.0360275 -0.0248101 -0.0062874 217.47
727000 0.0360775 -0.0248987 -0.00493408 150.185
728000 0.0361275 -0.0246914 -0.00794093 167.528
729000 0.0361775 -0.0212838 -0.00990379 173.589
730000 0.0362275 -0.0229747 -0.00618054 203.156
731000 0.0362775 -0.0264208 -0.00426399 127.356
732000 0.0363275 -0.0253643 -0.00470847 112.821
733000 0.0363775 -0.0215892 -0.00989624 183.91
734000 0.0364275 -0.025256 -0.0101665 159.133
735000 0.0364775 -0.0271933 -0.00529155 161.322
736000 0.0365275 -0.0220331 -0.0107764 113.393
737000 0.0365775 -0.0269141 -0.00452311 174.496
738000 0.0366275 -0.0258894 -0.00494375 128.268
739000 0.0366775 -0.0267384 -0.00439564 159.723
740000 0.0367275 -0.0253995 -0.00873998 161.636
741000 0.0367775 -0.0231311 -0.00687499 117.868
742000 0.0368275 -0.0256014 -0.00609833 161.542
743000 0.0368775 -0.0276914 -0.00313042 192.962
744000 0.0369275 -0.0307232 -0.00176238 139.958
745000 0.0369775 -0.0230975 -0.00894634 145.092
746000 0.0370275 -0.0249845 -0.00691692 158.573
747000 0.0370775 -0.0304019 -0.0032798 175.478
748000 0.0371275 -0.0255459 -0.0057048 131.167
749000 0.0371775 -0.025337 -0.00987959 127.382
750000 0.0372275 -0.0258549 -0.00728283 171.745
751000 0.0372775 -0.0271128 -0.00560621 145.468
752000 0.0373275 -0.0267595 -0.00498825 128.617
753000 0.0373775 -0.0223675 -0.00694325 165.185
754000 0.0374275 -0.0286488 -0.00258691 158.888
755000 0.0374775 -0.0274856 -0.00302755 168.572
756000 0.0375275 -0.0290862 -0.0013877 116.219
757000 0.0375775 -0.0229677 -0.00959798 162.618
758000 0.0376275 -0.0278846 -0.00715721 127.721
759000 0.0376775 -0.0267201 -0.00545442 132.337
760000 0.0377275 -0.0258413 -0.00637901 165.621
761000 0.0377775 -0.0228153 -0.00882597 132.251
762000 0.0378275 -0.0269769 -0.00368958 142.149
763000 0.0378775 -0.0259783 -0.00300474 158.949
764000 0.0379275 -0.0277204 -0.00299193 157.947
765000 0.0379775 -0.0317536 -0.00217157 122.305
766000 0.0380275 -0.0245937 -0.00676889 169.509
767000 0.0380775 -0.0270783 -0.00636908 140.77
768000 0.0381275 -0.0283048 -0.0055505 189.284
769000 0.0381775 -0.0278681 -0.00453411 186.198
770000 0.0382275 -0.0259231 -0.00505541 153.001
771000 0.0382775 -0.0279248 -0.00364646 158.38
772000 0.0383275 -0.0267322 -0.00774728 177.909
773000 0.0383775 -0.0240098 -0.00978629 180.808
774000 0.0384275 -0.0277032 -0.00963911 120.74
775000 0.0384775 -0.0301242 -0.005057 172.792
776000 0.0385275 -0.0234978 -0.0100436 181.014
777000 0.0385775 -0.0281447 -0.00332644 176.236
778000 0.0386275 -0.0269294 -0.00621757 131.921
779000 0.0386775 -0.027178 -0.00573117 171.162
780000 0.0387275 -0.0247618 -0.00678095 147.074
781000 0.0387775 -0.0249065 -0.00821204 121.574
782000 0.0388275 -0.0274277 -0.00561611 154.018
783000 0.0388775 -0.0260104 -0.0073084 161.875
784000 0.0389275 -0.031514 -0.00362109 148.571
785000 0.0389775 -0.0288477 -0.00329944 182.422
786000 0.0390275 -0.0276621 -0.0054245 106.401
787000 0.0390775 -0.0287858 -0.00266059 158.066
788000 0.0391275 -0.0242286 -0.00921821 100.637
789000 0.0391775 -0.0276062 -0.00692928 145.364
790000 0.0392275 -0.0248845 -0.00968129 177.862
791000 0.0392775 -0.0260866 -0.00739077 116.375
792000 0.0393275 -0.0259468 -0.00686896 160.769
793000 0.0393775 -0.0247055 -0.00689723 144.784
794000 0.0394275 -0.0239993 -0.00848301 185.226
795000 0.0394775 -0.0303814 -0.00234116 157.431
796000 0.0395275 -0.0287708 -0.00736236 153.486
797000 0.0395775 -0.0263262 -0.00981918 146.765
798000 0.0396275 -0.0226634 -0.00950894 107.685
799000 0.0396775 -0.0270854 -0.00582636 164.997
800000 0.0397275 -0.0274618 -0.00800303 141.172
801000 0.0397775 -0.0307109 -0.000457536 166.111
802000 0.0398275 -0.0280528 -0.00647325 148.919
803000 0.0398775 -0.0295863 -0.00408367 146.361
804000 0.0399275 -0.0303863 -0.00524762 115.503
805000 0.0399775 -0.0245552 -0.0108314 184.777
806000 0.0400275 -0.0229769 -0.0109562 207.105
807000 0.0400775 -0.0273424 -0.00713501 138.435
808000 0.0401275 -0.0274272 -0.00876966 160.609
809000 0.0401775 -0.0279505 -0.00630327 134.964
810000 0.0402275 -0.0282084 -0.000475532 174.21
811000 0.0402775 -0.0244515 -0.00967109 145.249
812000 0.0403275 -0.0315816 -0.005982 166.068
813000 0.0403775 -0.0282357 -0.00622097 155.273
814000 0.0404275 -0.0288219 -0.0046366 208.063
815000 0.0404775 -0.0242674 -0.00964627 151.036
816000 0.0405275 -0.0215276 -0.0100479 162.89
817000 0.0405775 -0.0254797 -0.0088149 218.049
818000 0.0406275 -0.0275218 -0.00714079 166.5
819000 0.0406775 -0.0239659 -0.0111337 154.932
820000 0.0407275 -0.025891 -0.00997762 157.252
821000 0.0407775 -0.0245815 -0.00858576 131.976
822000 0.0408275 -0.0261144 -0.0121073 130.801
823000 0.0408775 -0.0254841 -0.0111266 174.642
824000 0.0409275 -0.0269774 -0.00888304 182.503
825000 0.0409775 -0.026532 -0.00874883 183.942
826000 0.0410275 -0.0238422 -0.0119554 161.525
827000 0.0410775 -0.0262402 -0.00815924 169.169
828000 0.0411275 -0.0282688 -0.00534152 169.151
829000 0.0411775 -0.0259676 -0.00696479 167.354
830000 0.0412275 -0.0234875 -0.0112025 160.715
831000 0.0412775 -0.0255474 -0.00800188 187.842
832000 0.0413275 -0.0274836 -0.00710057 151.774
833000 0.0413775 -0.0256714 -0.00869548 120.991
834000 0.0414275 -0.0277263 -0.0068877 164.546
835000 0.0414775 -0.0251847 -0.0104235 188.204
836000 0.0415275 -0.0256963 -0.00890093 129.504
837000 0.0415775 -0.0251353 -0.00753041 190.515
838000 0.0416275 -0.0230699 -0.0105686 129.441
839000 0.0416775 -0.0282888 -0.00935281 128.777
840000 0.0417275 -0.0258419 -0.0117544 147.305
841000 0.0417775 -0.026489 -0.00917339 149.881
842000 0.0418275 -0.0279252 -0.00671014 120.908
843000 0.0418775 -0.0251069 -0.01063 178.519
844000 0.0419275 -0.0280032 -0.00872431 185.389
845000 0.0419775 -0.0274288 -0.0126363 207.666
846000 0.0420275 -0.0306792 -0.00795591 172.481
847000 0.0420775 -0.0295456 -0.00808265 152.792
848000 0.0421275 -0.0273268 -0.0070354 146.097
849000 0.0421775 -0.027085 -0.010527 126.814
850000 0.0422275 -0.0304909 -0.00722874 156.224
851000 0.0422775 -0.0279783 -0.00578897 136.906
852000 0.0423275 -0.0309943 -0.00526478 195.106
853000 0.0423775 -0.0296522 -0.0100898 133.899
854000 0.0424275 -0.025168 -0.0105713 162.445
855000 0.0424775 -0.0277922 -0.0128467 145.279
856000 0.0425275 -0.0279261 -0.00744624 135.551
857000 0.0425775 -0.0289174 -0.00794645 164.968
858000 0.0426275 -0.0280305 -0.0092688 146.226
859000 0.0426775 -0.0260202 -0.0109957 126.281
860000 0.0427275 -0.0264248 -0.0104648 185.922
861000 0.0427775 -0.0288932 -0.00946855 122.565
862000 0.0428275 -0.0329395 -0.00562258 171.368
863000 0.0428775 -0.02843 -0.0074719 172.742
864000 0.0429275 -0.0258371 -0.0110854 171.978
865000 0.0429775 -0.0282467 -0.0108245 125.989
866000 0.0430275 -0.0285574 -0.0106981 140.915
867000 0.0430775 -0.0276326 -0.0116573 181.554
868000 0.0431275 -0.0262637 -0.0134387 165.288
869000 0.0431775 -0.0316589 -0.00891071 219.734
870000 0.0432275 -0.0315484 -0.00779393 172.647
871000 0.0432775 -0.0329251 -0.00587719 156.265
872000 0.0433275 -0.0296422 -0.00700591 158.416
873000 0.0433775 -0.0293116 -0.0111183 161.311
874000 0.0434275 -0.0287407 -0.00667229 134.08
875000 0.0434775 -0.0277413 -0.00715105 144.892
876000 0.0435275 -0.0299541 -0.00549642 124.579
877000 0.0435775 -0.0295744 -0.00898532 158.219
878000 0.0436275 -0.0224866 -0.014208 149.031
879000 0.0436775 -0.0252425 -0.0126752 155.697
880000 0.0437275 -0.0278087 -0.00981559 160.516
881000 0.0437775 -0.0288593 -0.00861802 150.938
882000 0.0438275 -0.0278606 -0.0100048 175.824
883000 0.0438775 -0.0314217 -0.00673387 161.498
884000 0.0439275 -0.0295314 -0.00840644 133.302
885000 0.0439775 -0.0261338 -0.0125569 155.963
886000 0.0440275 -0.0257651 -0.0133449 162.181
887000 0.0440775 -0.0317341 -0.00701663 123.352
888000 0.0441275 -0.0318259 -0.00747022 174.905
889000 0.0441775 -0.0275989 -0.00977528 126.72
890000 0.0442275 -0.0297582 -0.00982473 120.192
891000 0.0442775 -0.0279492 -0.00801221 149.775
892000 0.0443275 -0.0309313 -0.0112538 172.584
893000 0.0443775 -0.0309963 -0.0113732 127.35
894000 0.0444275 -0.0257964 -0.0105616 192.119
895000 0.0444775 -0.0309311 -0.0117722 128.761
896000 0.0445275 -0.0267598 -0.011996 166.817
897000 0.0445775 -0.0279343 -0.0103983 184.781
898000 0.0446275 -0.031049 -0.0100128 167.483
899000 0.0446775 -0.0285078 -0.0096525 147.23
900000 0.0447275 -0.0296979 -0.0103547 137.435
901000 0.0447775 -0.0287814 -0.00800595 149.962
902000 0.0448275 -0.0301193 -0.0097612 122.97
903000 0.0448775 -0.0283485 -0.00826706 133.421
904000 0.0449275 -0.0274383 -0.00648465 116.902
905000 0.0449775 -0.0286445 -0.00910989 150.295
906000 0.0450275 -0.0281213 -0.0040052 163.877
907000 0.0450775 -0.0349296 0.000413588 157.101
908000 0.0451275 -0.0287898 -0.00869039 196.968
909000 0.0451775 -0.0250604 -0.0101113 162.096
910000 0.0452275 -0.0229897 -0.00990897 167.636
911000 0.0452775 -0.0279498 -0.00799961 147.804
912000 0.0453275 -0.0295644 -0.00808534 143.554
913000 0.0453775 -0.0304225 -0.0073978 203.875
914000 0.0454275 -0.0295675 -0.00292484 154.109
915000 0.0454775 -0.0334465 -0.00389686 129.61
916000 0.0455275 -0.0305832 -0.00752937 163.809
917000 0.0455775 -0.0312381 -0.00629395 170.109
918000 0.0456275 -0.0300714 -0.0100689 168.353
919000 0.0456775 -0.0283777 -0.0136493 150.737
920000 0.0457275 -0.0305227 -0.00821661 135.314
921000 0.0457775 -0.0280411 -0.0103232 160.892
922000 0.0458275 -0.0252443 -0.0117047 171.38
923000 0.0458775 -0.0313507 -0.00650364 176.159
924000 0.0459275 -0.0283249 -0.0122057 185.658
925000 0.0459775 -0.0301279 -0.00911829 151.614
926000 0.0460275 -0.031295 -0.00898498 162.626
927000 0.0460775 -0.0276816 -0.0123913 119.003
928000 0.0461275 -0.0245851 -0.0116556 159.548
929000 0.0461775 -0.0278497 -0.00987611 141.044
930000 0.0462275 -0.0309779 -0.00852746 130.308
931000 0.0462775 -0.0266892 -0.0124613 149.424
932000 0.0463275 -0.034242 -0.00857155 153.471
933000 0.0463775 -0.0298479 -0.00824815 166.517
934000 0.0464275 -0.0295879 -0.00974481 214.432
935000 0.0464775 -0.0329006 -0.00781584 181.306
936000 0.0465275 -0.0287001 -0.00889828 134.658
937000 0.0465775 -0.0299646 -0.0101722 159.412
938000 0.0466275 -0.0260439 -0.0139766 180.877
939000 0.0466775 -0.031681 -0.0112462 113.604
940000 0.0467275 -0.0273075 -0.0141351 149.573
941000 0.0467775 -0.0284593 -0.00880223 178.853
942000 0.0468275 -0.0304205 -0.00562259 186.98
943000 0.0468775 -0.0271788 -0.0102771 181.716
944000 0.0469275 -0.0335804 -0.00664045 169.144
945000 0.0469775 -0.0319224 -0.00711517 186.612
946000 0.0470275 -0.0277617 -0.0119086 197.501
947000 0.0470775 -0.0246612 -0.0132392 170.126
948000 0.0471275 -0.0316721 -0.00537199 150.043
949000 0.0471775 -0.0295954 -0.00803758 145.425
950000 0.0472275 -0.028373 -0.00924425 158.792
951000 0.0472775 -0.028153 -0.0106197 145.329
952000 0.0473275 -0.032365 -0.00593716 131.282
953000 0.0473775 -0.0267388 -0.0136095 163.514
954000 0.0474275 -0.0311172 -0.00635975 122.613
955000 0.0474775 -0.0282245 -0.0104673 135.942
956000 0.0475275 -0.0276981 -0.00947723 199.137
957000 0.0475775 -0.0269907 -0.0112266 161.079
958000 0.0476275 -0.0314246 -0.00977896 198.653
959000 0.0476775 -0.0300106 -0.0112304 127.324
960000 0.0477275 -0.0243207 -0.0136396 182.841
961000 0.0477775 -0.0296714 -0.00790079 167.772
962000 0.0478275 -0.028819 -0.00863519 213.194
963000 0.0478775 -0.0313767 -0.00748164 115.577
964000 0.0479275 -0.0323606 -0.00616461 152.292
965000 0.0479775 -0.0290016 -0.00954218 153.471
966000 0.0480275 -0.02985 -0.00794014 160.059
967000 0.0480775 -0.0303938 -0.00706576 165.328
968000 0.0481275 -0.031213 -0.00766508 153.168
969000 0.0481775 -0.0282162 -0.00959704 147.052
970000 0.0482275 -0.0277187 -0.011458 181.868
971000 0.0482775 -0.030782 -0.00700486 160.556
972000 0.0483275 -0.0294551 -0.00832994 161.19
973000 0.0483775 -0.0308956 -0.00811314 137.835
974000 0.0484275 -0.0345372 -0.00532943 138.933
975000 0.0484775 -0.0303496 -0.00861022 145.497
976000 0.0485275 -0.0321105 -0.00620624 175.087
977000 0.0485775 -0.0291038 -0.013684 140.455
978000 0.0486275 -0.0295125 -0.0096598 185.905
979000 0.0486775 -0.0319916 -0.00879259 157.987
980000 0.0487275 -0.0307336 -0.0105197 193.442
981000 0.0487775 -0.0307028 -0.0108385 176.803
982000 0.0488275 -0.031899 -0.00728447 162.639
983000 0.0488775 -0.0265094 -0.0122205 187.572
984000 0.0489275 -0.0270872 -0.0150534 175.558
985000 0.0489775 -0.026747 -0.0157881 149.572
986000 0.0490275 -0.0315447 -0.00949881 115.099
987000 0.0490775 -0.0311266 -0.0144292 169.171
988000 0.0491275 -0.0304437 -0.0127863 157.443
989000 0.0491775 -0.0305173 -0.0140189 194.728
990000 0.0492275 -0.0300478 -0.0139415 138.804
991000 0.0492775 -0.031512 -0.011121 128.142
992000 0.0493275 -0.0303356 -0.0150481 155.901
993000 0.0493775 -0.0259478 -0.0148964 146.591
994000 0.0494275 -0.0276862 -0.0157121 165.085
995000 0.0494775 -0.0292796 -0.0124968 151.254
996000 0.0495275 -0.0330681 -0.00879957 170.641
997000 0.0495775 -0.0286312 -0.0145052 191.056
998000 0.0496275 -0.0299693 -0.012298 177.478
999000 0.0496775 -0.0293146 -0.0103261 157.786
1000000 0.0497275 -0.0307081 -0.00843734 200.203
1001000 0.0497775 -0.0298223 -0.0122014 171.192
1002000 0.0498275 -0.0272935 -0.0126005 160.38
1003000 0.0498775 -0.0310268 -0.0111754 180.862
1004000 0.0499275 -0.0247397 -0.0165157 182.46
1005000 0.0499775 -0.0268881 -0.0124741 190.945
