# Time-averaged data for fix stress_ave
# TimeStep v_strain_z v_strain_x v_strain_y v_stress_z
6000 2.75e-05 -0.00260452 0.00489158 -12.9679
7000 7.75e-05 -0.001304 0.00604791 -28.2039
8000 0.0001275 -0.00358814 0.00773603 -25.0689
9000 0.0001775 -0.00229652 0.00785116 -1.53894
10000 0.0002275 -0.00511549 0.0110212 -13.729
11000 0.0002775 -0.00418529 0.00987547 -38.3286
12000 0.0003275 -0.00125529 0.00791121 -71.8974
13000 0.0003775 -0.00174202 0.00813513 -24.3958
14000 0.0004275 -0.00148782 0.00876581 9.86249
15000 0.0004775 -0.00179716 0.00469571 -54.959
16000 0.0005275 -0.00312562 0.00451754 -22.5063
17000 0.0005775 -0.00786066 0.0123499 -32.1702
18000 0.0006275 -0.00260433 0.0073242 -14.2303
19000 0.0006775 -0.00109453 0.00392327 -37.3009
20000 0.0007275 0.000635757 0.00507277 -19.2359
21000 0.0007775 -0.00190508 0.0042478 -33.5024
22000 0.0008275 -0.00368893 0.00426647 -21.12
23000 0.0008775 -0.00531294 0.009531 -4.91146
24000 0.0009275 0.00131699 0.00214264 3.53779
25000 0.0009775 -0.00205521 0.00763326 20.2094
26000 0.0010275 -0.0023871 0.00701698 -38.3839
27000 0.0010775 -0.0033878 0.00693974 -48.6499
28000 0.0011275 -0.00292221 0.0030409 -13.035
29000 0.0011775 -0.00624226 0.0109405 -55.1944
30000 0.0012275 -0.000399524 0.00393073 23.3306
31000 0.0012775 -0.00361117 0.00594627 -25.382
32000 0.0013275 -0.00321887 0.00891967 -46.3952
33000 0.0013775 -0.00357343 0.00790853 -80.8547
34000 0.0014275 -0.00371519 0.00667374 -12.3769
35000 0.0014775 -0.00169332 0.00232744 5.98219
36000 0.0015275 -0.00373767 0.00930285 -37.9627
37000 0.0015775 -0.00263056 0.004794 -70.4445
38000 0.0016275 -0.00322814 0.00785671 -16.9058
39000 0.0016775 -0.00297888 0.00630794 -17.2262
40000 0.0017275 -0.00693269 0.00918301 -29.1637
41000 0.0017775 -0.00597194 0.0115658 -21.5632
42000 0.0018275 -0.0025136 0.00748799 -38.839
43000 0.0018775 -0.00404157 0.0102582 -39.4823
44000 0.0019275 -0.0012716 0.00665521 -46.7528
45000 0.0019775 -0.0023538 0.00854647 -15.8944
46000 0.0020275 -0.00446794 0.00989111 -48.6033
47000 0.0020775 -0.00328691 0.00468561 -17.1175
48000 0.0021275 -0.00624711 0.00804937 -28.2512
49000 0.0021775 -0.00465702 0.0090541 -51.8755
50000 0.0022275 -0.00344547 0.00709422 -22.6025
51000 0.0022775 -0.00275598 0.0081146 -49.3826
52000 0.0023275 -0.00308439 0.00525123 -56.1625
53000 0.0023775 -0.00184429 0.0030307 -3.47713
54000 0.0024275 0.00116205 0.00283833 -10.4087
55000 0.0024775 -0.00694156 0.00869786 -16.228
56000 0.0025275 -0.00658204 0.00722658 -24.6858
57000 0.0025775 -0.00417974 0.0081063 -51.0471
58000 0.0026275 -0.00206658 0.00277919 -46.7852
59000 0.0026775 -0.003985 0.00656362 -5.10692
60000 0.0027275 -0.0026929 0.00666166 -35.207
61000 0.0027775 -0.00427984 0.00621937 -18.3613
62000 0.0028275 -0.00428759 0.00868333 -15.3731
63000 0.0028775 -0.00230542 0.00775856 0.954748
64000 0.0029275 -0.00233687 0.00414704 -24.6297
65000 0.0029775 -0.00344137 0.00672563 -20.4233
66000 0.0030275 -0.00310027 0.00471263 13.1293
67000 0.0030775 -0.000679795 0.00339001 -44.8198
68000 0.0031275 -0.00243092 0.00431977 0.92162
69000 0.0031775 -0.00602435 0.00703467 -42.8929
70000 0.0032275 -0.00421795 0.00669166 -21.3728
71000 0.0032775 -0.00390265 0.00539864 -70.9432
72000 0.0033275 -0.00235279 0.00596489 14.4091
73000 0.0033775 -0.00641081 0.00867741 -2.07544
74000 0.0034275 -0.0069836 0.00799126 -52.0143
75000 0.0034775 -0.00436514 0.00707076 -47.0053
76000 0.0035275 -0.00155526 0.00434319 33.8747
77000 0.0035775 -0.00571392 0.00750456 1.00556
78000 0.0036275 -0.00618209 0.00729171 -16.5929
79000 0.0036775 -0.00424229 0.00384813 -65.0151
80000 0.0037275 -0.00334129 0.00516565 -22.5771
81000 0.0037775 -0.00537204 0.00703138 -28.0409
82000 0.0038275 -0.00429724 0.00854955 -10.3483
83000 0.0038775 -0.00368812 0.00757891 -39.4728
84000 0.0039275 -0.00486758 0.00557192 20.435
85000 0.0039775 -0.00787798 0.00687866 -35.7893
86000 0.0040275 -0.00190042 0.00428846 -32.1492
87000 0.0040775 -0.00539597 0.00608692 -33.1148
88000 0.0041275 -0.00416316 0.00762407 -54.4101
89000 0.0041775 -0.00542992 0.00713609 -9.13608
90000 0.0042275 -0.00612524 0.00887233 -3.55402
91000 0.0042775 -0.0056668 0.00631524 -87.702
92000 0.0043275 -0.00267742 0.00654405 -31.0131
93000 0.0043775 -0.00680262 0.0051384 12.4721
94000 0.0044275 -0.00399231 0.00494541 -21.5596
95000 0.0044775 -0.00250443 0.00418536 -5.90288
96000 0.0045275 -0.0068549 0.00620007 -44.0821
97000 0.0045775 -0.00474488 0.00615543 -5.19033
98000 0.0046275 -0.00376435 0.00433035 28.8407
99000 0.0046775 -0.00120358 0.00328999 -78.1811
100000 0.0047275 -0.00745424 0.00594261 21.3255
101000 0.0047775 -0.00668079 0.00674129 -10.6883
102000 0.0048275 -0.00770226 0.00665057 -37.1843
103000 0.0048775 -0.0036709 0.00410383 5.6037
104000 0.0049275 -0.006198 0.00706971 -9.61532
105000 0.0049775 -0.00469883 0.00449046 15.587
106000 0.0050275 -0.00348481 0.00541397 -44.48
107000 0.0050775 -0.00673062 0.00782337 -42.5733
108000 0.0051275 -0.00589245 0.00507506 -34.3966
109000 0.0051775 -0.00389569 0.0050469 -31.2229
110000 0.0052275 -0.00503046 0.00558566 -60.0879
111000 0.0052775 -0.00353085 0.00628365 11.9058
112000 0.0053275 -0.00863357 0.00771586 4.6286
113000 0.0053775 -0.00416852 0.00546959 -16.7699
114000 0.0054275 -0.00347093 0.0034955 -4.57375
115000 0.0054775 -0.00718571 0.00939672 -49.7354
116000 0.0055275 -0.00259256 0.00394593 -32.3658
117000 0.0055775 -0.00433213 0.00399817 -13.648
118000 0.0056275 -0.00397096 0.00546728 -32.344
119000 0.0056775 -0.00597363 0.00478527 -30.945
120000 0.0057275 -0.00280253 0.00362143 -4.49151
121000 0.0057775 -0.00644468 0.00619584 6.04403
122000 0.0058275 -0.00752369 0.00755995 23.4823
123000 0.0058775 -0.00283217 0.00397242 12.8573
124000 0.0059275 -0.00633837 0.00659666 -1.13584
125000 0.0059775 -0.00793576 0.00450302 -34.9078
126000 0.0060275 -0.0055133 0.00478734 9.77375
127000 0.0060775 -0.00665198 0.00428612 -0.493033
128000 0.0061275 -0.00829754 0.0076386 -19.7609
129000 0.0061775 -0.00609474 0.00549367 -70.5013
130000 0.0062275 -0.00169362 0.000798986 15.4267
131000 0.0062775 -0.00921528 0.00856677 19.0634
132000 0.0063275 -0.00572317 0.00749739 -3.51936
133000 0.0063775 -0.00427829 0.00370912 -38.7617
134000 0.0064275 -0.00927132 0.00511483 3.81053
135000 0.0064775 -0.00778402 0.00941267 -11.3333
136000 0.0065275 -0.00489488 0.0061863 -63.7814
137000 0.0065775 -0.0050208 0.00477766 -9.84553
138000 0.0066275 -0.00784448 0.00844272 -15.7007
139000 0.0066775 -0.00579662 0.00537763 -38.7409
140000 0.0067275 -0.00308422 0.000851506 0.196206
141000 0.0067775 -0.00617175 0.00530749 -4.03657
142000 0.0068275 -0.0088189 0.00918916 -34.5765
143000 0.0068775 -0.00523633 0.00546365 -1.83483
144000 0.0069275 -0.0058861 0.00525147 -17.2698
145000 0.0069775 -0.00397812 0.00283753 34.0584
146000 0.0070275 -0.00746869 0.00539523 7.98518
147000 0.0070775 -0.0100898 0.0044359 41.7793
148000 0.0071275 -0.0028793 0.00213381 -45.3874
149000 0.0071775 -0.00571417 0.00462283 -5.23761
150000 0.0072275 -0.0087276 0.00733124 10.3319
151000 0.0072775 -0.00816858 0.00621328 -13.4068
152000 0.0073275 -0.00650882 0.00590379 14.7155
153000 0.0073775 -0.00609627 0.00511742 -4.97313
154000 0.0074275 -0.00763308 0.00777557 -55.9985
155000 0.0074775 -0.00656803 0.00412214 13.2615
156000 0.0075275 -0.00477345 0.00473623 3.72893
157000 0.0075775 -0.00758068 0.00517042 -18.1943
158000 0.0076275 -0.00541131 0.002977 18.5483
159000 0.0076775 -0.00921665 0.00831686 29.1149
160000 0.0077275 -0.00413449 0.00464932 3.82009
161000 0.0077775 -0.00735602 0.00545599 -24.0413
162000 0.0078275 -0.0073062 0.00594597 -19.2057
163000 0.0078775 -0.00666532 0.00555166 35.285
164000 0.0079275 -0.00496334 0.000315501 -18.2706
165000 0.0079775 -0.00454275 0.00221018 -65.5454
166000 0.0080275 -0.00641292 0.00784839 36.0355
167000 0.0080775 -0.00377202 0.00330189 -3.60282
168000 0.0081275 -0.00760002 0.00586923 -24.2997
169000 0.0081775 -0.00681588 0.00416456 -54.7931
170000 0.0082275 -0.0120947 0.00905689 25.6809
171000 0.0082775 -0.00878552 0.00778195 -8.03986
172000 0.0083275 -0.00802405 0.00577537 -35.2881
173000 0.0083775 -0.00593928 0.00402585 2.88744
174000 0.0084275 -0.0056284 0.00357363 -17.7876
175000 0.0084775 -0.00596329 0.0036469 27.5092
176000 0.0085275 -0.00465458 0.00314569 -6.5428
177000 0.0085775 -0.00751598 0.00695615 -2.36093
178000 0.0086275 -0.00435917 0.00348736 -0.567451
179000 0.0086775 -0.0045364 -1.12021e-05 -23.1893
180000 0.0087275 -0.00850133 0.00710116 -16.0417
181000 0.0087775 -0.00667327 0.00542926 -9.57911
182000 0.0088275 -0.00932701 0.00712443 -8.22013
183000 0.0088775 -0.00646333 0.00410799 1.33221
184000 0.0089275 -0.00388568 0.00424654 10.0402
185000 0.0089775 -0.00541767 0.00139716 -8.34575
186000 0.0090275 -0.00793413 0.00739747 -1.72853
187000 0.0090775 -0.00651023 0.00427977 -15.0417
188000 0.0091275 -0.00616884 0.00150312 -20.0117
189000 0.0091775 -0.00868142 0.00432882 3.39647
190000 0.0092275 -0.00551515 0.00283779 -15.4684
191000 0.0092775 -0.00668468 0.00438059 10.203
192000 0.0093275 -0.00995865 0.00588848 -7.46841
193000 0.0093775 -0.00662207 0.00631927 -35.8099
194000 0.0094275 -0.00680128 0.003877 -5.74563
195000 0.0094775 -0.00883481 0.00656333 -1.26942
196000 0.0095275 -0.00503968 0.00268292 -1.05072
197000 0.0095775 -0.00544809 0.00298293 -32.541
198000 0.0096275 -0.00736417 0.0032088 -4.283
199000 0.0096775 -0.0102651 0.00790277 -22.0225
200000 0.0097275 -0.00545636 0.00124483 -7.83793
201000 0.0097775 -0.00710703 0.00571405 12.2156
202000 0.0098275 -0.00916759 0.00630509 23.0616
203000 0.0098775 -0.00480977 0.00476368 8.43687
204000 0.0099275 -0.00932373 0.00448814 6.51479
205000 0.0099775 -0.00603291 0.00409508 -3.07792
206000 0.0100275 -0.00639155 0.00446005 32.3385
207000 0.0100775 -0.00425039 0.000451999 12.0453
208000 0.0101275 -0.00915598 0.00669129 -23.6527
209000 0.0101775 -0.00950654 0.00405667 -9.72544
210000 0.0102275 -0.00395287 -0.000440538 9.62601
211000 0.0102775 -0.00364923 0.00324997 -5.21894
212000 0.0103275 -0.0103373 0.00406078 -32.2735
213000 0.0103775 -0.0051165 0.000605178 17.2689
214000 0.0104275 -0.00841758 0.00323567 18.6661
215000 0.0104775 -0.00523805 0.00185814 4.96581
216000 0.0105275 -0.0092621 0.00361404 32.7098
217000 0.0105775 -0.00578162 0.00236677 -24.5659
218000 0.0106275 -0.00591893 0.00513333 -20.4862
219000 0.0106775 -0.00691874 0.00235234 -20.5817
220000 0.0107275 -0.00923457 0.00574319 -6.75042
221000 0.0107775 -0.00771404 0.00184333 14.9818
222000 0.0108275 -0.00574205 0.00128982 0.0416172
223000 0.0108775 -0.0104499 0.00658994 -25.7534
224000 0.0109275 -0.00748391 0.00466083 -29.1018
225000 0.0109775 -0.00643018 0.00161972 -23.6026
226000 0.0110275 -0.00543529 0.00286055 23.1212
227000 0.0110775 -0.00781599 0.00559719 -0.528253
228000 0.0111275 -0.0103122 0.0062104 -32.1532
229000 0.0111775 -0.0102959 0.00533656 -2.39254
230000 0.0112275 -0.010245 0.0040897 -2.84499
231000 0.0112775 -0.00948031 0.00588228 -27.1443
232000 0.0113275 -0.0120616 0.00549924 -21.1737
233000 0.0113775 -0.00612882 0.000938216 37.57
234000 0.0114275 -0.00951191 0.00382116 8.78459
235000 0.0114775 -0.00916696 0.00418437 -15.631
236000 0.0115275 -0.00435962 0.000412079 52.9955
237000 0.0115775 -0.0089788 0.00425336 -17.3418
238000 0.0116275 -0.00688933 0.00338193 -31.0045
239000 0.0116775 -0.00831494 0.00374827 29.4818
240000 0.0117275 -0.0100349 0.00486533 24.1385
241000 0.0117775 -0.0084085 0.00206496 -13.9158
242000 0.0118275 -0.0106298 0.00567801 15.8787
243000 0.0118775 -0.0083867 0.00410826 0.80301
244000 0.0119275 -0.00853855 0.00315125 6.55268
245000 0.0119775 -0.0102888 0.00503389 -19.902
246000 0.0120275 -0.00770684 0.00459854 15.2619
247000 0.0120775 -0.00522006 0.000315093 26.5098
248000 0.0121275 -0.0115239 0.0066052 8.86639
249000 0.0121775 -0.0104702 0.00627177 15.8412
250000 0.0122275 -0.00387746 -0.00132867 -45.3678
251000 0.0122775 -0.00717185 0.00427778 -3.14443
252000 0.0123275 -0.0109868 0.00611546 2.19436
253000 0.0123775 -0.0094314 0.00299975 -34.5536
254000 0.0124275 -0.00994953 0.00529098 20.352
255000 0.0124775 -0.00356923 -0.000278826 -1.34854
256000 0.0125275 -0.0085595 0.00376143 -14.3959
257000 0.0125775 -0.00926063 0.00584197 50.5779
258000 0.0126275 -0.00510873 0.00272091 -8.42911
259000 0.0126775 -0.0103959 0.00567139 -29.3894
260000 0.0127275 -0.00841158 0.00734527 28.8526
261000 0.0127775 -0.00662402 0.00405192 -20.0816
262000 0.0128275 -0.00356296 0.00185409 18.2752
263000 0.0128775 -0.00812062 0.0050912 0.664805
264000 0.0129275 -0.00747974 0.00729708 -51.5584
265000 0.0129775 -0.00676556 0.00378726 -3.01596
266000 0.0130275 -0.00680055 0.00462398 -5.6274
267000 0.0130775 -0.00733573 0.00336135 -30.9853
268000 0.0131275 -0.00432637 -0.000353015 -23.1844
269000 0.0131775 -0.00963116 0.00580724 4.91701
270000 0.0132275 -0.00803023 0.00147138 42.7645
271000 0.0132775 -0.0092944 0.00288765 5.05282
272000 0.0133275 -0.00701505 0.00296643 -49.7288
273000 0.0133775 -0.00675295 0.0027624 28.3474
274000 0.0134275 -0.00545923 0.00166767 -8.90166
275000 0.0134775 -0.0051914 0.0030969 -11.3207
276000 0.0135275 -0.00918505 0.00214359 -24.3216
277000 0.0135775 -0.00543179 0.00334744 50.3359
278000 0.0136275 -0.00880093 0.00243634 -39.8632
279000 0.0136775 -0.00873728 0.000946566 34.7302
280000 0.0137275 -0.00813265 0.00636343 14.001
281000 0.0137775 -0.00747624 0.00249487 -16.5864
282000 0.0138275 -0.00519492 -0.000499914 15.5413
283000 0.0138775 -0.00430298 0.0014875 2.58104
284000 0.0139275 -0.0072193 0.000917884 7.64383
285000 0.0139775 -0.0109073 0.00696388 -0.470004
286000 0.0140275 -0.00867463 0.00255425 -12.2783
287000 0.0140775 -0.0070629 0.00208595 -18.2003
288000 0.0141275 -0.00774972 0.00107047 5.70536
289000 0.0141775 -0.00862402 0.00285782 49.7166
290000 0.0142275 -0.0108616 0.00294386 16.9802
291000 0.0142775 -0.0116324 0.00499378 -15.9005
292000 0.0143275 -0.0123922 0.00720342 -19.3786
293000 0.0143775 -0.00573883 -0.00124979 -22.3226
294000 0.0144275 -0.00647151 0.00273778 -14.4841
295000 0.0144775 -0.0128711 0.00716911 10.8317
296000 0.0145275 -0.00804792 0.0021649 5.08619
297000 0.0145775 -0.00680113 0.00397026 4.8823
298000 0.0146275 -0.008167 0.00277116 23.3134
299000 0.0146775 -0.00919305 0.00362116 19.0397
300000 0.0147275 -0.00716417 0.00135866 39.4463
301000 0.0147775 -0.00751807 0.00410832 17.7367
302000 0.0148275 -0.0103082 0.00505407 10.7212
303000 0.0148775 -0.0111337 0.00500139 -7.19296
304000 0.0149275 -0.0103341 0.00266662 14.5829
305000 0.0149775 -0.0112863 0.00385338 34.8818
306000 0.0150275 -0.0112289 0.00603915 2.5245
307000 0.0150775 -0.00443167 0.000742571 4.86878
308000 0.0151275 -0.0103455 0.00389645 72.2029
309000 0.0151775 -0.0143933 0.00689099 1.08789
310000 0.0152275 -0.00857805 0.00302404 -0.838192
311000 0.0152775 -0.00971634 0.00400339 14.5144
312000 0.0153275 -0.00674077 0.00290817 48.5247
313000 0.0153775 -0.012659 0.00435177 -18.2037
314000 0.0154275 -0.00886612 0.00214965 -21.0625
315000 0.0154775 -0.00810094 0.000779407 52.8823
316000 0.0155275 -0.00547512 -1.26143e-05 14.1887
317000 0.0155775 -0.00894925 0.00173829 30.4867
318000 0.0156275 -0.00559118 0.00265739 7.11413
319000 0.0156775 -0.00967197 0.00194518 -6.00878
320000 0.0157275 -0.011634 0.0043438 5.38839
321000 0.0157775 -0.00884135 0.00379586 59.2854
322000 0.0158275 -0.0108021 0.00333651 41.7736
323000 0.0158775 -0.00828645 0.00127578 30.2545
324000 0.0159275 -0.00905005 0.00106564 42.6464
325000 0.0159775 -0.00692427 -9.35489e-05 2.43809
326000 0.0160275 -0.00851224 0.00278519 44.9912
327000 0.0160775 -0.0131065 0.00517882 6.26855
328000 0.0161275 -0.010197 0.00517749 40.7876
329000 0.0161775 -0.00816459 -0.00105793 29.6634
330000 0.0162275 -0.00895671 0.00194225 57.4636
331000 0.0162775 -0.0115483 0.00403324 21.3792
332000 0.0163275 -0.00740633 0.00276857 -1.28948
333000 0.0163775 -0.0120912 0.00632404 -5.92434
334000 0.0164275 -0.00898788 0.00405912 28.633
335000 0.0164775 -0.00787853 0.000182526 23.0061
336000 0.0165275 -0.00745268 0.000205782 18.9603
337000 0.0165775 -0.0103711 0.00205816 31.1425
338000 0.0166275 -0.00999884 0.00292203 48.4819
339000 0.0166775 -0.0107827 0.00397195 -5.98678
340000 0.0167275 -0.00627911 -0.000364183 56.6647
341000 0.0167775 -0.0101928 0.00238343 -22.863
342000 0.0168275 -0.00873559 -0.000112649 38.0578
343000 0.0168775 -0.0114619 0.00228756 42.1181
344000 0.0169275 -0.0120014 0.00582102 -15.4561
345000 0.0169775 -0.00968467 -0.000830222 21.6109
346000 0.0170275 -0.0113289 0.00330695 -1.58884
347000 0.0170775 -0.00999984 0.00232838 8.15559
348000 0.0171275 -0.00749773 -0.00131312 22.9899
349000 0.0171775 -0.0127292 0.00295388 13.5881
350000 0.0172275 -0.0123656 0.00152517 31.5329
351000 0.0172775 -0.00859053 0.000650203 -9.54565
352000 0.0173275 -0.0127767 0.00570683 1.56779
353000 0.0173775 -0.0132245 0.00391277 -0.875311
354000 0.0174275 -0.00819818 0.00190305 100.396
355000 0.0174775 -0.00786558 -0.000392299 -29.872
356000 0.0175275 -0.0109696 0.00177155 -47.6961
357000 0.0175775 -0.0101289 0.00232324 59.0311
358000 0.0176275 -0.00976728 0.000463376 17.926
359000 0.0176775 -0.00773931 0.00101179 33.8441
360000 0.0177275 -0.0108365 0.00390178 -6.03322
361000 0.0177775 -0.00802134 -0.00011676 4.06866
362000 0.0178275 -0.0113173 0.000647958 -9.92781
363000 0.0178775 -0.00636591 -0.00319553 32.3627
364000 0.0179275 -0.00933326 0.000383702 0.968484
365000 0.0179775 -0.0109288 0.00312294 -26.1473
366000 0.0180275 -0.0127342 0.00502592 5.55848
367000 0.0180775 -0.0128859 0.00386924 42.1161
368000 0.0181275 -0.00729818 0.000498045 5.18071
369000 0.0181775 -0.00674264 -0.00267361 39.2401
370000 0.0182275 -0.0130999 0.00394616 68.2114
371000 0.0182775 -0.0133856 0.00295939 -29.9616
372000 0.0183275 -0.00982561 0.00248799 19.3348
373000 0.0183775 -0.0105438 0.000972757 12.9036
374000 0.0184275 -0.00868963 -0.000699909 75.5116
375000 0.0184775 -0.0107268 0.00339476 39.9055
376000 0.0185275 -0.0082402 0.000585569 47.9134
377000 0.0185775 -0.0126183 0.004034 12.014
378000 0.0186275 -0.0102488 0.000679327 26.719
379000 0.0186775 -0.0101218 -0.000448184 17.2977
380000 0.0187275 -0.0116921 0.0038159 31.3648
381000 0.0187775 -0.0118143 0.00220008 72.662
382000 0.0188275 -0.00865725 0.000396029 28.9996
383000 0.0188775 -0.0108516 0.000487036 0.0533334
384000 0.0189275 -0.0099778 0.00116827 50.9836
385000 0.0189775 -0.00938843 7.85207e-05 6.75119
386000 0.0190275 -0.00805265 0.00187477 39.2629
387000 0.0190775 -0.0097038 -0.000937276 5.90123
388000 0.0191275 -0.00952634 0.00137378 -20.392
389000 0.0191775 -0.0118472 0.00156539 -0.925613
390000 0.0192275 -0.0116427 0.00469228 67.4743
391000 0.0192775 -0.00849879 -0.00202951 38.6198
392000 0.0193275 -0.0103722 0.000485293 -44.129
393000 0.0193775 -0.0123469 0.000268198 3.12544
394000 0.0194275 -0.00700042 -0.00188135 31.9216
395000 0.0194775 -0.00574139 -0.00151685 16.6401
396000 0.0195275 -0.0107601 0.00105358 7.08368
397000 0.0195775 -0.0100381 -0.0023517 54.7208
398000 0.0196275 -0.0132316 0.00231733 0.594311
399000 0.0196775 -0.0110212 -0.000831267 35.0508
400000 0.0197275 -0.0102637 0.00168823 19.0532
401000 0.0197775 -0.00956142 0.00112343 24.7923
402000 0.0198275 -0.010383 -0.000313944 25.9654
403000 0.0198775 -0.00907599 -0.000425428 58.2837
404000 0.0199275 -0.010555 0.000255679 15.1622
405000 0.0199775 -0.00803732 -0.00260499 21.5936
406000 0.0200275 -0.0115287 0.00156971 38.9161
407000 0.0200775 -0.0101273 0.00146478 18.5961
408000 0.0201275 -0.0114218 -0.000225257 23.945
409000 0.0201775 -0.0162768 0.00451665 15.9701
410000 0.0202275 -0.012272 0.00083694 51.3924
411000 0.0202775 -0.00961708 -0.00173135 28.4598
412000 0.0203275 -0.0110962 -0.00291584 -8.16001
413000 0.0203775 -0.0112925 0.00178758 50.1546
414000 0.0204275 -0.0109957 0.000109468 -7.46
415000 0.0204775 -0.00791422 -0.00230096 38.5186
416000 0.0205275 -0.011237 0.00256965 1.00326
417000 0.0205775 -0.0125083 0.00405512 66.6751
418000 0.0206275 -0.00981294 0.000946494 10.5537
419000 0.0206775 -0.01557 0.00405161 11.0586
420000 0.0207275 -0.00927361 0.000843888 16.4775
421000 0.0207775 -0.0079969 -0.000961745 60.8367
422000 0.0208275 -0.0107686 0.000223042 -9.14384
423000 0.0208775 -0.0130906 0.00201656 10.8757
424000 0.0209275 -0.010304 -0.00032253 -33.4831
425000 0.0209775 -0.00788353 -0.00211675 44.7482
426000 0.0210275 -0.0119176 0.0012456 17.9357
427000 0.0210775 -0.0115497 0.00334194 25.3708
428000 0.0211275 -0.010249 0.00063673 67.0845
429000 0.0211775 -0.0121775 0.00137551 7.20198
430000 0.0212275 -0.00875255 -0.00288369 29.3171
431000 0.0212775 -0.0114984 -0.000956742 52.445
432000 0.0213275 -0.009624 -0.00211824 6.69447
433000 0.0213775 -0.0121052 0.00211017 23.1933
434000 0.0214275 -0.0157931 0.00140591 66.8365
435000 0.0214775 -0.00860046 -0.000123787 48.7756
436000 0.0215275 -0.0126953 0.00197695 9.32689
437000 0.0215775 -0.0109276 -0.000760806 39.4038
438000 0.0216275 -0.0105389 -0.000725767 27.8336
439000 0.0216775 -0.0102543 -0.00114417 2.1851
440000 0.0217275 -0.00923228 7.15363e-05 -6.4124
441000 0.0217775 -0.0124256 0.00209547 23.4598
442000 0.0218275 -0.0109871 0.0016938 35.8932
443000 0.0218775 -0.0123674 0.00195961 11.7223
444000 0.0219275 -0.0104111 -0.00208751 55.5782
445000 0.0219775 -0.0114025 -0.0020016 -15.5331
446000 0.0220275 -0.0135113 0.00194529 20.442
447000 0.0220775 -0.0102453 -0.00202328 42.0679
448000 0.0221275 -0.0139575 0.00226324 17.5842
449000 0.0221775 -0.0113529 -0.000887052 36.0405
450000 0.0222275 -0.0141517 -0.00171854 -7.74021
451000 0.0222775 -0.00821303 -0.00643175 14.3938
452000 0.0223275 -0.0125509 0.00202294 42.4446
453000 0.0223775 -0.0137482 0.0023355 49.8102
454000 0.0224275 -0.010602 -0.00231241 -8.62241
455000 0.0224775 -0.0142783 0.00500953 56.0042
456000 0.0225275 -0.0138165 0.00203124 3.2968
457000 0.0225775 -0.00804257 -6.57573e-05 -5.00404
458000 0.0226275 -0.0098639 -0.00121396 -0.0234322
459000 0.0226775 -0.00968519 -0.00211904 16.3638
460000 0.0227275 -0.0131095 0.00589147 59.0443
461000 0.0227775 -0.0114164 0.000950726 27.3256
462000 0.0228275 -0.00928138 -0.000622885 42.393
463000 0.0228775 -0.0141933 0.00382868 13.8469
464000 0.0229275 -0.0123856 0.00146546 12.8644
465000 0.0229775 -0.0125654 0.00376996 -10.7701
466000 0.0230275 -0.0159354 0.0040247 72.0273
467000 0.0230775 -0.011736 0.0024495 17.9886
468000 0.0231275 -0.0127422 0.00158757 44.0581
469000 0.0231775 -0.0164311 0.00319153 15.1652
470000 0.0232275 -0.00894615 8.69455e-05 46.2209
471000 0.0232775 -0.0124835 0.0050684 64.9939
472000 0.0233275 -0.0105572 0.000955222 63.3542
473000 0.0233775 -0.0081241 -0.00471526 -3.55983
474000 0.0234275 -0.0109145 0.00131868 49.1438
475000 0.0234775 -0.00854162 -0.00177484 37.3842
476000 0.0235275 -0.00867722 0.000580903 94.2135
477000 0.0235775 -0.0102731 -0.0013513 18.0659
478000 0.0236275 -0.00962153 -0.00206833 15.5244
479000 0.0236775 -0.0104209 -0.00164146 41.812
480000 0.0237275 -0.0127125 -0.00218658 39.061
481000 0.0237775 -0.0119257 -0.000355119 28.9949
482000 0.0238275 -0.011672 -0.00162396 12.8926
483000 0.0238775 -0.010215 0.000675388 116.755
484000 0.0239275 -0.00976686 -0.000428934 47.5541
485000 0.0239775 -0.0103085 0.000925679 71.3753
486000 0.0240275 -0.0122858 -0.00108499 41.8525
487000 0.0240775 -0.0151846 0.00351559 -2.96588
488000 0.0241275 -0.0142634 0.0018343 60.0967
489000 0.0241775 -0.0118629 -0.000988403 71.7666
490000 0.0242275 -0.010006 -0.0014409 54.2904
491000 0.0242775 -0.00996788 -0.000986561 8.58477
492000 0.0243275 -0.0140544 0.000846986 46.9663
493000 0.0243775 -0.0136124 0.00174736 34.7048
494000 0.0244275 -0.0156439 0.00229569 32.4789
495000 0.0244775 -0.0140347 0.00098796 26.4753
496000 0.0245275 -0.0122873 0.000296738 -15.1126
497000 0.0245775 -0.0130243 8.35177e-05 30.2237
498000 0.0246275 -0.0178057 0.00337613 50.0558
499000 0.0246775 -0.0175412 0.00348656 -4.17672
500000 0.0247275 -0.00969281 -0.00125362 82.5499
501000 0.0247775 -0.0108866 -0.00507725 -7.99472
502000 0.0248275 -0.0127571 0.000474916 48.8257
503000 0.0248775 -0.0108612 -0.0032911 69.0422
504000 0.0249275 -0.012933 -0.000412689 19.1651
505000 0.0249775 -0.0108434 -0.00139535 47.8738
506000 0.0250275 -0.0110417 -0.00189646 30.7233
507000 0.0250775 -0.0107405 -0.00107202 40.2546
508000 0.0251275 -0.010649 -0.000268327 -40.7862
509000 0.0251775 -0.0145835 0.0005278 40.0618
510000 0.0252275 -0.0127544 0.00142457 62.5411
511000 0.0252775 -0.00924214 -0.0010151 94.2453
512000 0.0253275 -0.0113888 -0.000463142 35.1174
513000 0.0253775 -0.0116836 -0.00023388 39.029
514000 0.0254275 -0.0140088 0.00259086 31.6031
515000 0.0254775 -0.00927288 0.00071233 49.2175
516000 0.0255275 -0.0129564 0.00308113 41.0935
517000 0.0255775 -0.0159004 0.000819384 8.95786
518000 0.0256275 -0.0121291 -0.00376573 -1.21434
519000 0.0256775 -0.0139429 0.00134785 24.3003
520000 0.0257275 -0.0147164 0.0008911 9.69858
521000 0.0257775 -0.012222 0.00100264 49.0146
522000 0.0258275 -0.0110012 -0.00327072 24.1937
523000 0.0258775 -0.0151517 -0.000922966 23.8326
524000 0.0259275 -0.0142545 0.00156147 29.7428
525000 0.0259775 -0.00887672 -0.00208076 15.6088
526000 0.0260275 -0.0129034 0.0021814 31.7996
527000 0.0260775 -0.00878746 -0.0035506 29.287
528000 0.0261275 -0.00985083 -0.004157 11.5196
529000 0.0261775 -0.0135931 0.0020947 8.11442
530000 0.0262275 -0.0144283 0.0013149 43.4751
531000 0.0262775 -0.0100018 -0.00111455 16.8864
532000 0.0263275 -0.0139435 0.000350832 48.3092
533000 0.0263775 -0.014119 0.000242704 66.1572
534000 0.0264275 -0.0155337 -8.09449e-05 49.0402
535000 0.0264775 -0.0184493 0.000700604 46.2907
536000 0.0265275 -0.011661 -0.00393406 66.0684
537000 0.0265775 -0.0153384 0.00126745 24.5479
538000 0.0266275 -0.0132225 -0.00132061 57.708
539000 0.0266775 -0.0145413 0.00158777 27.6817
540000 0.0267275 -0.0170248 0.00246989 -1.82616
541000 0.0267775 -0.0162226 0.0033095 68.2704
542000 0.0268275 -0.0141933 -0.000222574 55.2829
543000 0.0268775 -0.0147867 -0.00170817 16.2421
544000 0.0269275 -0.0142971 0.000891194 17.4681
545000 0.0269775 -0.011728 -0.00397985 33.0036
546000 0.0270275 -0.0136692 -0.000507319 51.1406
547000 0.0270775 -0.013801 0.00463956 105.578
548000 0.0271275 -0.00983542 -0.00405252 46.6985
549000 0.0271775 -0.00946147 -0.00756135 -2.55184
550000 0.0272275 -0.0145056 0.000813227 115.379
551000 0.0272775 -0.0132836 -0.00198297 26.0067
552000 0.0273275 -0.0119911 -0.00204539 31.3639
553000 0.0273775 -0.0143892 -5.3129e-05 62.6006
554000 0.0274275 -0.0120273 -0.002125 109.886
555000 0.0274775 -0.0141245 0.0016527 93.3639
556000 0.0275275 -0.0127201 -0.00221213 -5.87931
557000 0.0275775 -0.0167034 0.00223401 31.8145
558000 0.0276275 -0.0123813 0.000923435 17.411
559000 0.0276775 -0.0111012 0.000510116 45.4849
560000 0.0277275 -0.0151578 -7.69678e-05 50.3499
561000 0.0277775 -0.0109492 -0.000381982 82.3662
562000 0.0278275 -0.00791734 -0.00467357 24.4954
563000 0.0278775 -0.0123738 -0.00468851 9.18419
564000 0.0279275 -0.010983 0.000942703 96.1297
565000 0.0279775 -0.0119216 0.00126454 23.9172
566000 0.0280275 -0.0118076 -0.000972068 2.1638
567000 0.0280775 -0.00891786 -0.00277899 33.3501
568000 0.0281275 -0.0120723 -0.00217083 27.129
569000 0.0281775 -0.00860863 -0.00286726 44.6047
570000 0.0282275 -0.0117781 -0.00374637 18.9176
571000 0.0282775 -0.0121399 0.00195579 83.6932
572000 0.0283275 -0.00955679 -0.00794871 20.6464
573000 0.0283775 -0.00776447 -0.00696393 12.6513
574000 0.0284275 -0.0133754 -0.000725494 52.4157
575000 0.0284775 -0.01535 0.00147512 23.0315
576000 0.0285275 -0.0117898 -0.00257947 54.1072
577000 0.0285775 -0.0133646 -0.00420013 26.0065
578000 0.0286275 -0.0149284 -0.00295591 13.6967
579000 0.0286775 -0.0153259 -0.001897 6.79143
580000 0.0287275 -0.0131993 -0.00170845 31.9455
581000 0.0287775 -0.0138354 -0.000159852 16.1646
582000 0.0288275 -0.00683286 -0.00550926 31.0301
583000 0.0288775 -0.0139899 -0.00225084 81.5454
584000 0.0289275 -0.0103862 -0.00262448 57.9004
585000 0.0289775 -0.0112879 -0.00263204 -41.4398
586000 0.0290275 -0.0128501 -0.000793336 52.3173
587000 0.0290775 -0.00952185 -0.00442845 23.4147
588000 0.0291275 -0.0149757 0.00132803 27.0393
589000 0.0291775 -0.0130985 -0.00172169 58.3615
590000 0.0292275 -0.0116959 -0.000897953 80.0602
591000 0.0292775 -0.0114891 -0.0054016 16.186
592000 0.0293275 -0.0136973 -0.00201791 16.6974
593000 0.0293775 -0.0168995 0.000336424 56.5509
594000 0.0294275 -0.0151808 -0.00234942 -3.12433
595000 0.0294775 -0.015654 -0.000437256 31.3197
596000 0.0295275 -0.0194314 0.00454779 -24.6229
597000 0.0295775 -0.0155693 0.000311676 7.76827
598000 0.0296275 -0.0146821 -0.000506751 54.3858
599000 0.0296775 -0.0155936 0.00204322 18.8222
600000 0.0297275 -0.0201762 0.0041871 84.7512
601000 0.0297775 -0.0127543 -0.00360494 85.2567
602000 0.0298275 -0.0160417 -0.0010006 49.3314
603000 0.0298775 -0.0142058 -0.00114917 24.7744
604000 0.0299275 -0.0131445 -0.00344193 13.7033
605000 0.0299775 -0.0143713 -0.000630374 -20.9174
606000 0.0300275 -0.0193373 0.0005692 40.7322
607000 0.0300775 -0.0157878 -6.48847e-05 38.6899
608000 0.0301275 -0.0150299 -0.00336029 28.0103
609000 0.0301775 -0.0170747 -0.00324325 24.2999
610000 0.0302275 -0.014897 -0.00458888 14.0382
611000 0.0302775 -0.018423 -0.000144551 21.9493
612000 0.0303275 -0.015685 -0.00193204 53.3021
613000 0.0303775 -0.0161545 -0.00164646 -22.0506
614000 0.0304275 -0.0162622 -0.000561981 60.4554
615000 0.0304775 -0.0153648 -0.00210048 57.8924
616000 0.0305275 -0.0188627 0.00297679 46.022
617000 0.0305775 -0.0143785 0.000656875 21.0049
618000 0.0306275 -0.0128972 -0.00320102 38.2429
619000 0.0306775 -0.0162333 0.00185624 97.6266
620000 0.0307275 -0.0148951 0.000994785 36.1592
621000 0.0307775 -0.014925 -0.00218692 -13.651
622000 0.0308275 -0.0136323 -2.68786e-05 17.386
623000 0.0308775 -0.0118023 -0.00121727 72.6553
624000 0.0309275 -0.0141713 -0.00353327 19.5259
625000 0.0309775 -0.0127164 -0.00360136 17.8383
626000 0.0310275 -0.0195741 7.77757e-05 13.1146
627000 0.0310775 -0.0147316 -0.000507491 10.4601
628000 0.0311275 -0.0137733 0.00128201 93.5243
629000 0.0311775 -0.0162043 -3.26753e-05 32.7584
630000 0.0312275 -0.013835 -0.00215802 79.5252
631000 0.0312775 -0.0113615 -0.00351515 31.8362
632000 0.0313275 -0.0192737 0.000670872 45.3371
633000 0.0313775 -0.0187274 0.00265145 30.559
634000 0.0314275 -0.0139433 0.000737158 33.5633
635000 0.0314775 -0.0162737 0.00219986 67.9478
636000 0.0315275 -0.0182338 0.00222087 39.0821
637000 0.0315775 -0.0167608 -0.000368162 9.66039
638000 0.0316275 -0.016764 0.000197019 60.3159
639000 0.0316775 -0.0179377 0.00326432 70.7019
640000 0.0317275 -0.0161776 -0.000461676 77.584
641000 0.0317775 -0.0147376 -6.32283e-05 46.9992
642000 0.0318275 -0.0195508 0.00439337 56.3303
643000 0.0318775 -0.0150973 -0.00145491 74.3014
644000 0.0319275 -0.0126148 -0.00105924 28.8837
645000 0.0319775 -0.0149752 -0.00194615 35.9741
646000 0.0320275 -0.0138048 -0.000288775 23.5329
647000 0.0320775 -0.0141372 -0.00223537 16.2279
648000 0.0321275 -0.015453 -0.000771042 74.1274
649000 0.0321775 -0.011167 -0.00333148 24.6617
650000 0.0322275 -0.0160058 -0.000642464 25.6575
651000 0.0322775 -0.0163584 -0.00154743 40.3428
652000 0.0323275 -0.0156807 -0.00167178 7.85581
653000 0.0323775 -0.0164458 -0.00231135 31.0282
654000 0.0324275 -0.0147578 -0.000956601 43.8762
655000 0.0324775 -0.0156415 -0.00153103 44.9346
656000 0.0325275 -0.0117193 -0.00324443 40.5728
657000 0.0325775 -0.0138494 -0.00175656 8.08592
658000 0.0326275 -0.0114858 -0.0017327 77.1988
659000 0.0326775 -0.0140435 -0.00647004 24.0102
660000 0.0327275 -0.0107364 -0.00654039 53.0726
661000 0.0327775 -0.0178325 0.000298952 25.7272
662000 0.0328275 -0.0150532 0.00150763 41.0364
663000 0.0328775 -0.0187958 0.000609042 53.2202
664000 0.0329275 -0.0115337 -0.00418248 73.3779
665000 0.0329775 -0.0137774 -0.00283183 12.3277
666000 0.0330275 -0.0148446 -0.00240151 58.8208
667000 0.0330775 -0.013137 -0.00394014 102.931
668000 0.0331275 -0.0176132 -0.00166908 -5.92028
669000 0.0331775 -0.0142692 -0.00360805 59.8403
670000 0.0332275 -0.014486 -0.00190185 49.1636
671000 0.0332775 -0.0151771 -0.00281373 12.2079
672000 0.0333275 -0.0117006 -0.00276577 45.0487
673000 0.0333775 -0.0107585 -0.00687492 6.22408
674000 0.0334275 -0.014287 -0.00220979 14.1667
675000 0.0334775 -0.0161761 0.000245159 51.9664
676000 0.0335275 -0.0109297 -0.0046563 58.4888
677000 0.0335775 -0.00969935 -0.00465447 18.6269
678000 0.0336275 -0.0131942 -0.00229142 9.67763
679000 0.0336775 -0.0138413 -0.00456193 76.4601
680000 0.0337275 -0.0118273 -0.00589257 24.2002
681000 0.0337775 -0.0090284 -0.00824888 20.3033
682000 0.0338275 -0.0118506 -0.00420838 4.46441
683000 0.0338775 -0.0127977 -0.005222 38.4533
684000 0.0339275 -0.0140034 -0.00472921 25.3245
685000 0.0339775 -0.0112184 -0.00759342 13.8437
686000 0.0340275 -0.0141539 -0.00543458 66.0116
687000 0.0340775 -0.0136787 -0.00451647 -19.1778
688000 0.0341275 -0.00978971 -0.00464044 -2.09481
689000 0.0341775 -0.0135975 -0.00520861 78.2926
690000 0.0342275 -0.0160969 -0.00431504 25.8862
691000 0.0342775 -0.0113956 -0.00819874 93.8304
692000 0.0343275 -0.0138167 -0.00571561 -8.5319
693000 0.0343775 -0.0134643 -0.00536536 52.3321
694000 0.0344275 -0.0178418 -0.00265987 33.2661
695000 0.0344775 -0.0176726 -0.00141114 46.633
696000 0.0345275 -0.0127937 -0.00507906 35.8357
697000 0.0345775 -0.0144413 -0.00306937 34.0829
698000 0.0346275 -0.0133433 -0.00684007 32.6485
699000 0.0346775 -0.0172078 -0.00271195 96.7132
700000 0.0347275 -0.0158484 -0.00486636 -0.762729
701000 0.0347775 -0.0146711 -0.0060687 7.60678
702000 0.0348275 -0.011869 -0.00593701 82.8144
703000 0.0348775 -0.0149882 -0.00191487 26.0132
704000 0.0349275 -0.0168429 -0.00404226 32.8452
705000 0.0349775 -0.0143273 -0.00508496 60.6596
706000 0.0350275 -0.0128846 -0.00717908 21.5965
707000 0.0350775 -0.0145566 -0.00700857 8.36292
708000 0.0351275 -0.0116421 -0.00670377 12.8697
709000 0.0351775 -0.0135112 -0.00603053 4.51722
710000 0.0352275 -0.0128063 -0.00480634 42.1393
711000 0.0352775 -0.0167832 -0.00513495 -7.92849
712000 0.0353275 -0.01063 -0.00771528 3.49223
713000 0.0353775 -0.0119785 -0.0070709 -2.4968
714000 0.0354275 -0.00929157 -0.00771816 50.8269
715000 0.0354775 -0.0116833 -0.00544522 55.6828
716000 0.0355275 -0.014886 -0.000820762 42.0982
717000 0.0355775 -0.00934071 -0.0098205 -1.4373
718000 0.0356275 -0.0126115 -0.00764395 52.2915
719000 0.0356775 -0.0190246 -0.00339838 44.8216
720000 0.0357275 -0.0149207 -0.00356884 34.793
721000 0.0357775 -0.0126067 -0.00429505 7.77015
722000 0.0358275 -0.0166884 -0.00198275 23.501
723000 0.0358775 -0.0146022 -0.00572719 49.6153
724000 0.0359275 -0.0147432 -0.00463632 87.9855
725000 0.0359775 -0.0154568 -0.00229731 15.2577
726000 0.0360275 -0.0149499 -0.0054887 43.8631
727000 0.0360775 -0.00935629 -0.00950829 49.7835
728000 0.0361275 -0.0155544 -0.00482072 38.6653
729000 0.0361775 -0.015776 -0.00397776 12.4588
730000 0.0362275 -0.0147483 -0.00427292 48.7196
731000 0.0362775 -0.0163372 -0.00292196 70.7255
732000 0.0363275 -0.0133102 -0.00683516 33.473
733000 0.0363775 -0.0125135 -0.00789509 66.6649
734000 0.0364275 -0.0165579 -0.00526786 4.69735
735000 0.0364775 -0.0168167 -0.00670085 34.7967
736000 0.0365275 -0.0153408 -0.00635591 63.638
737000 0.0365775 -0.0148839 -0.0026561 31.4562
738000 0.0366275 -0.015086 -0.0057537 28.8846
739000 0.0366775 -0.014981 -0.00796727 47.2767
740000 0.0367275 -0.0149254 -0.0049058 39.4213
741000 0.0367775 -0.0145603 -0.00576379 69.161
742000 0.0368275 -0.0123371 -0.00549613 64.732
743000 0.0368775 -0.0187004 -0.00417885 48.0194
744000 0.0369275 -0.0116024 -0.00957758 -14.668
745000 0.0369775 -0.0151477 -0.0055674 57.3669
746000 0.0370275 -0.0186161 -0.00448868 76.8201
747000 0.0370775 -0.0146783 -0.00495626 15.9874
748000 0.0371275 -0.0139939 -0.00460098 73.3641
749000 0.0371775 -0.0154754 -0.00646518 69.8411
750000 0.0372275 -0.0183776 -0.00609028 44.7471
751000 0.0372775 -0.0158406 -0.00366512 55.4912
752000 0.0373275 -0.0143707 -0.00677622 33.6595
753000 0.0373775 -0.0177463 -0.00536065 21.0529
754000 0.0374275 -0.0153492 -0.00567979 21.4828
755000 0.0374775 -0.0125801 -0.0101653 69.1752
756000 0.0375275 -0.0168286 -0.00590716 59.8129
757000 0.0375775 -0.0179013 -0.00344664 41.0244
758000 0.0376275 -0.0147846 -0.0075253 42.0765
759000 0.0376775 -0.016129 -0.00593932 45.5179
760000 0.0377275 -0.0184643 -0.00709508 18.2784
761000 0.0377775 -0.0156825 -0.00454882 78.6752
762000 0.0378275 -0.0140931 -0.00667006 88.1365
763000 0.0378775 -0.0121736 -0.00943139 4.2427
764000 0.0379275 -0.0137541 -0.00718666 33.9933
765000 0.0379775 -0.0172933 -0.00569118 77.4373
766000 0.0380275 -0.0114957 -0.0101498 42.895
767000 0.0380775 -0.0129882 -0.00860002 30.1426
768000 0.0381275 -0.0152049 -0.00619218 84.8114
769000 0.0381775 -0.0102941 -0.00983355 31.2825
770000 0.0382275 -0.014291 -0.00483996 63.122
771000 0.0382775 -0.0162045 -0.00589758 93.2583
772000 0.0383275 -0.0142694 -0.010451 58.1493
773000 0.0383775 -0.0126919 -0.00742728 54.3024
774000 0.0384275 -0.0135808 -0.00845667 25.724
775000 0.0384775 -0.0151029 -0.00659223 38.3228
776000 0.0385275 -0.0127186 -0.00805531 35.4585
777000 0.0385775 -0.0153883 -0.00834477 70.3378
778000 0.0386275 -0.014167 -0.00721994 33.9786
779000 0.0386775 -0.0168353 -0.00688323 55.9876
780000 0.0387275 -0.0123374 -0.00809744 13.2089
781000 0.0387775 -0.011214 -0.0119687 20.02
782000 0.0388275 -0.0102116 -0.0114353 43.0137
783000 0.0388775 -0.0143043 -0.00574712 77.4287
784000 0.0389275 -0.0156953 -0.0057882 47.084
785000 0.0389775 -0.0156803 -0.00726802 52.9925
786000 0.0390275 -0.0140493 -0.00899525 69.8023
787000 0.0390775 -0.0119803 -0.00807707 56.4408
788000 0.0391275 -0.0151271 -0.0091591 52.8284
789000 0.0391775 -0.0106251 -0.0110525 60.5679
790000 0.0392275 -0.0142003 -0.00689442 24.2846
791000 0.0392775 -0.0185469 -0.00250292 59.5567
792000 0.0393275 -0.0121487 -0.0116069 73.4652
793000 0.0393775 -0.0102561 -0.0103976 46.5768
794000 0.0394275 -0.010711 -0.00998075 25.5274
795000 0.0394775 -0.00918015 -0.0123788 47.2941
796000 0.0395275 -0.010105 -0.0113966 54.0851
797000 0.0395775 -0.01147 -0.0122798 82.2383
798000 0.0396275 -0.0109327 -0.00965022 40.8669
799000 0.0396775 -0.0140589 -0.00847605 19.2978
800000 0.0397275 -0.0163633 -0.00832269 68.3014
801000 0.0397775 -0.00796106 -0.0123662 31.7158
802000 0.0398275 -0.01084 -0.0127261 11.0828
803000 0.0398775 -0.0136087 -0.0106594 54.7953
804000 0.0399275 -0.0132378 -0.00896714 38.5266
805000 0.0399775 -0.0108902 -0.00921554 59.0532
806000 0.0400275 -0.00816424 -0.0137833 60.3086
807000 0.0400775 -0.0111647 -0.0115143 -25.0442
808000 0.0401275 -0.0131531 -0.00639853 84.6265
809000 0.0401775 -0.0106721 -0.0110419 32.2819
810000 0.0402275 -0.0139753 -0.00908888 41.6203
811000 0.0402775 -0.0129033 -0.0125321 47.1384
812000 0.0403275 -0.0150577 -0.00943671 30.2131
813000 0.0403775 -0.0136995 -0.00917242 38.398
814000 0.0404275 -0.0160059 -0.0110512 51.1981
815000 0.0404775 -0.0155817 -0.00799733 75.0774
816000 0.0405275 -0.0139546 -0.00838061 29.7798
817000 0.0405775 -0.010885 -0.0126651 75.3527
818000 0.0406275 -0.0129305 -0.0109946 91.027
819000 0.0406775 -0.0113317 -0.0113993 20.2024
820000 0.0407275 -0.0103978 -0.0119503 29.8909
821000 0.0407775 -0.0146038 -0.00801284 53.3029
822000 0.0408275 -0.0161909 -0.00549219 52.0375
823000 0.0408775 -0.0133969 -0.00865747 43.7
824000 0.0409275 -0.0176334 -0.00659875 12.5825
825000 0.0409775 -0.0143399 -0.00810855 6.29169
826000 0.0410275 -0.0160945 -0.0067202 126.822
827000 0.0410775 -0.0163973 -0.00722279 38.9576
828000 0.0411275 -0.0135587 -0.00950631 9.97026
829000 0.0411775 -0.0105413 -0.0116494 22.7319
830000 0.0412275 -0.0149047 -0.00671117 44.4811
831000 0.0412775 -0.0142438 -0.0105183 18.4626
832000 0.0413275 -0.0177834 -0.00806971 50.3845
833000 0.0413775 -0.0157243 -0.0102334 6.91993
834000 0.0414275 -0.0152084 -0.00934254 15.9231
835000 0.0414775 -0.0163295 -0.00638941 84.3836
836000 0.0415275 -0.0160013 -0.00664398 86.7089
837000 0.0415775 -0.0144245 -0.0100945 40.0265
838000 0.0416275 -0.018326 -0.00622788 42.1178
839000 0.0416775 -0.0186611 -0.00336177 37.646
840000 0.0417275 -0.0170943 -0.00781147 47.5515
841000 0.0417775 -0.0130885 -0.0103383 28.832
842000 0.0418275 -0.0151914 -0.00361888 72.3025
843000 0.0418775 -0.0120045 -0.0112384 91.1626
844000 0.0419275 -0.0134417 -0.0101225 30.7504
845000 0.0419775 -0.0173108 -0.0028789 72.9541
846000 0.0420275 -0.014876 -0.0080275 69.2028
847000 0.0420775 -0.0150883 -0.00983266 28.8375
848000 0.0421275 -0.0169691 -0.00499038 81.6368
849000 0.0421775 -0.0151891 -0.0103648 31.5671
850000 0.0422275 -0.0114522 -0.0115553 65.0956
851000 0.0422775 -0.0149051 -0.00884325 55.5261
852000 0.0423275 -0.0163665 -0.00220707 29.9426
853000 0.0423775 -0.0161687 -0.0090849 39.5937
854000 0.0424275 -0.013876 -0.00818706 44.3525
855000 0.0424775 -0.0158547 -0.00740627 -10.4104
856000 0.0425275 -0.0125084 -0.0113669 40.7919
857000 0.0425775 -0.0125816 -0.0100806 20.7035
858000 0.0426275 -0.0149365 -0.00677069 3.36488
859000 0.0426775 -0.0145036 -0.00718757 73.2919
860000 0.0427275 -0.0149283 -0.00743481 82.3317
861000 0.0427775 -0.0143569 -0.00826448 49.8261
862000 0.0428275 -0.0139619 -0.00981882 67.8584
863000 0.0428775 -0.00996458 -0.0157646 35.2696
864000 0.0429275 -0.0138616 -0.0100123 6.9769
865000 0.0429775 -0.0128573 -0.0114511 68.5434
866000 0.0430275 -0.0146494 -0.0118611 16.3927
867000 0.0430775 -0.0171927 -0.00953301 25.319
868000 0.0431275 -0.0163862 -0.0108399 16.5701
869000 0.0431775 -0.0162702 -0.00853713 41.1732
870000 0.0432275 -0.023385 -0.0014563 47.4261
871000 0.0432775 -0.0181391 -0.00727085 29.9919
872000 0.0433275 -0.0178274 -0.0080321 42.4207
873000 0.0433775 -0.0197015 -0.00586071 42.535
874000 0.0434275 -0.0217916 -0.00372608 13.7718
875000 0.0434775 -0.0170101 -0.00917008 18.6683
876000 0.0435275 -0.0180467 -0.00727612 40.9297
877000 0.0435775 -0.0200311 -0.00528112 3.44238
878000 0.0436275 -0.0169001 -0.00927514 22.0956
879000 0.0436775 -0.0155368 -0.00767593 100.756
880000 0.0437275 -0.0187533 -0.00678133 44.5058
881000 0.0437775 -0.0158282 -0.00848716 22.9778
882000 0.0438275 -0.0159791 -0.00623681 23.7498
883000 0.0438775 -0.0154865 -0.00943379 42.1483
884000 0.0439275 -0.0193808 -0.00760504 106.146
885000 0.0439775 -0.0172957 -0.00815851 48.1115
886000 0.0440275 -0.0142635 -0.00965121 -1.3338
887000 0.0440775 -0.0175539 -0.00636495 25.839
888000 0.0441275 -0.0161854 -0.00937447 -5.84669
889000 0.0441775 -0.0135145 -0.0112897 84.7783
890000 0.0442275 -0.0190191 -0.00874177 40.8556
891000 0.0442775 -0.0174043 -0.00707138 56.3516
892000 0.0443275 -0.0173192 -0.00888406 33.601
893000 0.0443775 -0.0120995 -0.0153267 52.1385
894000 0.0444275 -0.0170251 -0.0099848 55.8148
895000 0.0444775 -0.0135731 -0.0119308 60.9651
896000 0.0445275 -0.0124936 -0.0148196 88.0599
897000 0.0445775 -0.0157055 -0.0110545 44.6826
898000 0.0446275 -0.0151172 -0.0119217 37.373
899000 0.0446775 -0.0172082 -0.0085287 57.3721
900000 0.0447275 -0.0159964 -0.0125408 -21.9624
901000 0.0447775 -0.0107454 -0.0145303 52.4652
902000 0.0448275 -0.0160505 -0.0107788 35.1338
903000 0.0448775 -0.014278 -0.014371 -11.0076
904000 0.0449275 -0.0122952 -0.0111902 68.5359
905000 0.0449775 -0.0174675 -0.0113059 16.4623
906000 0.0450275 -0.0149989 -0.0116828 84.0344
907000 0.0450775 -0.0111476 -0.0124604 57.4753
908000 0.0451275 -0.0151372 -0.00883879 48.9715
909000 0.0451775 -0.013069 -0.014066 70.5048
910000 0.0452275 -0.0175498 -0.00907091 28.0699
911000 0.0452775 -0.0157141 -0.009404 40.3372
912000 0.0453275 -0.0110238 -0.015833 8.22724
913000 0.0453775 -0.0138613 -0.0108749 76.816
914000 0.0454275 -0.0144444 -0.0109405 -10.9296
915000 0.0454775 -0.0165907 -0.010175 58.0689
916000 0.0455275 -0.0136842 -0.0133917 62.0873
917000 0.0455775 -0.0136118 -0.0127842 40.0907
918000 0.0456275 -0.0175912 -0.00921535 29.7802
919000 0.0456775 -0.0139857 -0.0106475 22.4602
920000 0.0457275 -0.0150098 -0.012616 50.9015
921000 0.0457775 -0.0155123 -0.0141089 33.8521
922000 0.0458275 -0.0145741 -0.0151046 14.4302
923000 0.0458775 -0.0136347 -0.0129313 20.0848
924000 0.0459275 -0.0134369 -0.014278 29.8471
925000 0.0459775 -0.0154455 -0.0134627 25.4319
926000 0.0460275 -0.0180987 -0.00994246 70.945
927000 0.0460775 -0.0131584 -0.0146678 66.9837
928000 0.0461275 -0.00904876 -0.0156608 27.5487
929000 0.0461775 -0.0139167 -0.0121346 77.2577
930000 0.0462275 -0.0166287 -0.0110166 23.603
931000 0.0462775 -0.0164193 -0.0119195 30.34
932000 0.0463275 -0.0153054 -0.0129429 30.0803
933000 0.0463775 -0.0159327 -0.0123702 71.3262
934000 0.0464275 -0.0174472 -0.0103776 74.0696
935000 0.0464775 -0.0174322 -0.00978868 37.9005
936000 0.0465275 -0.0194275 -0.010568 45.0076
937000 0.0465775 -0.0189044 -0.00692306 46.9083
938000 0.0466275 -0.0148408 -0.0122972 34.2747
939000 0.0466775 -0.0173215 -0.00934811 52.3389
940000 0.0467275 -0.0155469 -0.0128559 46.6551
941000 0.0467775 -0.0153925 -0.0114523 59.7687
942000 0.0468275 -0.0187772 -0.011566 41.1795
943000 0.0468775 -0.015011 -0.0111031 12.1957
944000 0.0469275 -0.0163573 -0.0122824 68.5917
945000 0.0469775 -0.0141427 -0.0144618 16.301
946000 0.0470275 -0.0151702 -0.0135209 61.6739
947000 0.0470775 -0.0175909 -0.0101851 82.8977
948000 0.0471275 -0.0212774 -0.00807234 52.7514
949000 0.0471775 -0.0180938 -0.00860855 22.0546
950000 0.0472275 -0.0146565 -0.0127014 43.145
951000 0.0472775 -0.0163228 -0.0107035 -9.95388
952000 0.0473275 -0.0161527 -0.00993602 77.8259
953000 0.0473775 -0.0158143 -0.0136689 64.4498
954000 0.0474275 -0.0145574 -0.0118989 22.7941
955000 0.0474775 -0.0190219 -0.010237 11.9884
956000 0.0475275 -0.0220391 -0.00591503 4.28044
957000 0.0475775 -0.0155497 -0.010439 32.5849
958000 0.0476275 -0.0137228 -0.0142212 68.5318
959000 0.0476775 -0.015991 -0.0129252 68.4215
960000 0.0477275 -0.0164179 -0.0107608 71.4315
961000 0.0477775 -0.0118082 -0.0143799 18.7008
962000 0.0478275 -0.0160972 -0.0121378 46.7264
963000 0.0478775 -0.0162151 -0.0101024 30.3409
964000 0.0479275 -0.0174407 -0.0106684 49.9063
965000 0.0479775 -0.0190752 -0.00810726 83.1097
966000 0.0480275 -0.0205125 -0.00969433 25.6919
967000 0.0480775 -0.017987 -0.0113978 42.7281
968000 0.0481275 -0.0150811 -0.0103651 108.677
969000 0.0481775 -0.0149013 -0.0159382 22.8113
970000 0.0482275 -0.0143481 -0.0160423 31.5594
971000 0.0482775 -0.0133328 -0.0146542 56.3319
972000 0.0483275 -0.0152859 -0.0132065 49.0112
973000 0.0483775 -0.0168811 -0.0121498 19.2489
974000 0.0484275 -0.0143904 -0.0158745 1.7881
975000 0.0484775 -0.0183448 -0.0150466 65.9283
976000 0.0485275 -0.0167216 -0.0147802 42.1061
977000 0.0485775 -0.0140689 -0.0163461 42.3745
978000 0.0486275 -0.0146201 -0.0144376 69.9077
979000 0.0486775 -0.0177292 -0.013244 41.9021
980000 0.0487275 -0.0243302 -0.00878958 -4.45412
981000 0.0487775 -0.019065 -0.015809 15.3752
982000 0.0488275 -0.0179127 -0.0138094 34.4592
983000 0.0488775 -0.0191674 -0.011057 30.7169
984000 0.0489275 -0.0198399 -0.0117922 32.9732
985000 0.0489775 -0.0183639 -0.0123552 6.59543
986000 0.0490275 -0.0137929 -0.0157763 89.554
987000 0.0490775 -0.0184725 -0.0130556 19.4459
988000 0.0491275 -0.0138506 -0.0152812 49.7104
989000 0.0491775 -0.0158506 -0.0150163 64.7458
990000 0.0492275 -0.0181835 -0.0134019 27.7446
991000 0.0492775 -0.0197326 -0.0128253 41.8317
992000 0.0493275 -0.01859 -0.0111783 66.4963
993000 0.0493775 -0.0213942 -0.00993104 5.74451
994000 0.0494275 -0.0184891 -0.0117984 28.3319
995000 0.0494775 -0.0205451 -0.0132121 35.0657
996000 0.0495275 -0.0164688 -0.0156589 1.14767
997000 0.0495775 -0.0196901 -0.0130571 24.3225
998000 0.0496275 -0.0183677 -0.012901 12.9808
999000 0.0496775 -0.0178796 -0.0148649 28.036
1000000 0.0497275 -0.0212071 -0.0126235 34.9346
1001000 0.0497775 -0.0242521 -0.00550749 34.568
1002000 0.0498275 -0.0236148 -0.00618286 81.4362
1003000 0.0498775 -0.0187821 -0.0106607 3.8855
1004000 0.0499275 -0.0190268 -0.0130946 31.1757
1005000 0.0499775 -0.0216888 -0.0104449 32.8452
